Übung 1.2

Preise:

VK
EK

3
2

Nachfrage Wahrscheinlichkeit

100
120
140
160
180
200
220
240
260
280
300

0.09091
0.09091
0.09091
0.09091
0.09091
0.09091
0.09091
0.09091
0.09091
0.09091
0.09091

Bestellmengen (erste Zeile) und Gewinne sowie erwarteter Gewinn (letzte Zeile)

100
100
100
100
100
100
100
100
100
100
100
100
100.00

120
60
120
120
120
120
120
120
120
120
120
120
114.55

140
20
80
140
140
140
140
140
140
140
140
140
123.64

160
‐20
40
100
160
160
160
160
160
160
160
160
127.27

180
‐60
0
60
120
180
180
180
180
180
180
180
125.45

200
‐100
‐40
20
80
140
200
200
200
200
200
200
118.18

220
‐140
‐80
‐20
40
100
160
220
220
220
220
220
105.45

240
‐180
‐120
‐60
0
60
120
180
240
240
240
240
87.27

260
‐220
‐160
‐100
‐40
20
80
140
200
260
260
260
63.64

280
‐260
‐200
‐140
‐80
‐20
40
100
160
220
280
280
34.55

300
‐300
‐240
‐180
‐120
‐60
0
60
120
180
240
300
0.00

