Prof. Dr. T. Staufenbiel                             Universität Osnabrück                                  WS 2014/2015 

 

 

Tabellensammlung  
»Statistik I & II« 

Begleitend zu den Modulen »Statistik I« und »Statistik II« finden Sie auf den folgenden Seiten 
tabellarische Darstellungen der Verteilungsfunktionen folgender Verteilungen: 

  Standardnormalverteilung 
  T‐Verteilung 
  F‐Verteilung 
  2‐Verteilung 
  Studentisierte Range‐Verteilung 
  Kritische U‐Werte für Mann‐Whitney U‐Test 
  Kritische W‐Werte für Wilcoxon Vorzeichen Rangtest 

 

 

‐ 1 ‐
 

(25.10.2012)

Prof. Dr. T. Staufenbiel                             Universität Osnabrück                                  WS 2014/2015 

 
 

Standardnormalverteilung 

 
 
Die Tabelle enthält die Werte der Verteilungsfunktion  
p := F(z) = P(Z  z) für z  0. 

 

 

z 

0.00 
0.01 
0.02 
0.03 
0.04 
0.05 
0.06 
0.07 
0.08 
0.09 
0.10 
0.11 
0.12 
0.13 
0.14 
0.15 
0.16 
0.17 
0.18 
0.19 
0.20 
0.21 
0.22 
0.23 
0.24 
0.25 
0.26 
0.27 
0.28 
0.29 
0.30 
0.31 
0.32 
0.33 
0.34 
0.35 
0.36 
0.37 
0.38 
0.39 
0.40 
0.41 
0.42 
0.43 
0.44 
0.45 

 
 
 
 
 
 
 
 
 
 
 
 
 
 
 
 
 
 
 
 
 
 
 
 
 
 
 
 
 
 
 
 
 
 
 
 
 
 
 
 
 
 
 
 
 
 
 

p 

0.5000 
0.5040 
0.5080 
0.5120 
0.5160 
0.5199 
0.5239 
0.5279 
0.5319 
0.5359 
0.5398 
0.5438 
0.5478 
0.5517 
0.5557 
0.5596 
0.5636 
0.5675 
0.5714 
0.5753 
0.5793 
0.5832 
0.5871 
0.5910 
0.5948 
0.5987 
0.6026 
0.6064 
0.6103 
0.6141 
0.6179 
0.6217 
0.6255 
0.6293 
0.6331 
0.6368 
0.6406 
0.6443 
0.6480 
0.6517 
0.6554 
0.6591 
0.6628 
0.6664 
0.6700 
0.6736 

 

z 

0.46 
0.47 
0.48 
0.49 
0.50 
0.51 
0.52 
0.53 
0.54 
0.55 
0.56 
0.57 
0.58 
0.59 
0.60 
0.61 
0.62 
0.63 
0.64 
0.65 
0.66 
0.67 
0.68 
0.69 
0.70 
0.71 
0.72 
0.73 
0.74 
0.75 
0.76 
0.77 
0.78 
0.79 
0.80 
0.81 
0.82 
0.83 
0.84 
0.85 
0.86 
0.87 
0.88 
0.89 
0.90 
0.91 

p 

0.6772 
0.6808 
0.6844 
0.6879 
0.6915 
0.6950 
0.6985 
0.7019 
0.7054 
0.7088 
0.7123 
0.7157 
0.7190 
0.7224 
0.7257 
0.7291 
0.7324 
0.7357 
0.7389 
0.7422 
0.7454 
0.7486 
0.7517 
0.7549 
0.7580 
0.7611 
0.7642 
0.7673 
0.7704 
0.7734 
0.7764 
0.7794 
0.7823 
0.7852 
0.7881 
0.7910 
0.7939 
0.7967 
0.7995 
0.8023 
0.8051 
0.8078 
0.8106 
0.8133 
0.8159 
0.8186 

 
 
 
 
 
 
 
 
 
 
 
 
 
 
 
 
 
 
 
 
 
 
 
 
 
 
 
 
 
 
 
 
 
 
 
 
 
 
 
 
 
 
 
 
 
 
 

z 

0.92 
0.93 
0.94 
0.95 
0.96 
0.97 
0.98 
0.99 
1.00 
1.01 
1.02 
1.03 
1.04 
1.05 
1.06 
1.07 
1.08 
1.09 
1.10 
1.11 
1.12 
1.13 
1.14 
1.15 
1.16 
1.17 
1.18 
1.19 
1.20 
1.21 
1.22 
1.23 
1.24 
1.25 
1.26 
1.27 
1.28 
1.29 
1.30 
1.31 
1.32 
1.33 
1.34 
1.35 
1.36 
1.37 

 
 
 
 
 
 
 
 
 
 
 
 
 
 
 
 
 
 
 
 
 
 
 
 
 
 
 
 
 
 
 
 
 
 
 
 
 
 
 
 
 
 
 
 
 
 
 

p 

0.8212 
0.8238 
0.8264 
0.8289 
0.8315 
0.8340 
0.8365 
0.8389 
0.8413 
0.8438 
0.8461 
0.8485 
0.8508 
0.8531 
0.8554 
0.8577 
0.8599 
0.8621 
0.8643 
0.8665 
0.8686 
0.8708 
0.8729 
0.8749 
0.8770 
0.8790 
0.8810 
0.8830 
0.8849 
0.8869 
0.8888 
0.8907 
0.8925 
0.8944 
0.8962 
0.8980 
0.8997 
0.9015 
0.9032 
0.9049 
0.9066 
0.9082 
0.9099 
0.9115 
0.9131 
0.9147 

‐ 2 ‐
 

z 

1.38 
1.39 
1.40 
1.41 
1.42 
1.43 
1.44 
1.45 
1.46 
1.47 
1.48 
1.49 
1.50 
1.51 
1.52 
1.53 
1.54 
1.55 
1.56 
1.57 
1.58 
1.59 
1.6 
1.61 
1.62 
1.63 
1.64 
1.65 
1.66 
1.67 
1.68 
1.69 
1.70 
1.71 
1.72 
1.73 
1.74 
1.75 
1.76 
1.77 
1.78 
1.79 
1.80 
1.81 
1.82 
1.83 

p 

0.9162 
0.9177 
0.9192 
0.9207 
0.9222 
0.9236 
0.9251 
0.9265 
0.9279 
0.9292 
0.9306 
0.9319 
0.9332 
0.9345 
0.9357 
0.9370 
0.9382 
0.9394 
0.9406 
0.9418 
0.9429 
0.9441 
0.9452 
0.9463 
0.9474 
0.9484 
0.9495 
0.9505 
0.9515 
0.9525 
0.9535 
0.9545 
0.9554 
0.9564 
0.9573 
0.9582 
0.9591 
0.9599 
0.9608 
0.9616 
0.9625 
0.9633 
0.9641 
0.9649 
0.9656 
0.9664 

 
 
 
 
 
 
 
 
 
 
 
 
 
 
 
 
 
 
 
 
 
 
 
 
 
 
 
 
 
 
 
 
 
 
 
 
 
 
 
 
 
 
 
 
 
 
 

z 

1.84 
1.85 
1.86 
1.87 
1.88 
1.89 
1.90 
1.91 
1.92 
1.93 
1.94 
1.95 
1.96 
1.97 
1.98 
1.99 
2.00 
2.01 
2.02 
2.03 
2.04 
2.05 
2.06 
2.07 
2.08 
2.09 
2.10 
2.11 
2.12 
2.13 
2.14 
2.15 
2.16 
2.17 
2.18 
2.19 
2.20 
2.21 
2.22 
2.23 
2.24 
2.25 
2.26 
2.27 
2.28 
2.29 

p 

0.9671 
0.9678 
0.9686 
0.9693 
0.9699 
0.9706 
0.9713 
0.9719 
0.9726 
0.9732 
0.9738 
0.9744 
0.9750 
0.9756 
0.9761 
0.9767 
0.9772 
0.9778 
0.9783 
0.9788 
0.9793 
0.9798 
0.9803 
0.9808 
0.9812 
0.9817 
0.9821 
0.9826 
0.9830 
0.9834 
0.9838 
0.9842 
0.9846 
0.9850 
0.9854 
0.9857 
0.9861 
0.9864 
0.9868 
0.9871 
0.9875 
0.9878 
0.9881 
0.9884 
0.9887 
0.9890 

(25.10.2012)

Prof. Dr. T. Staufenbiel                             Universität Osnabrück                                  WS 2014/2015 

Standardnormalverteilung (Fs.) 

z 

2.30 
2.31 
2.32 
2.33 
2.34 
2.35 
2.36 
2.37 
2.38 
2.39 
2.40 
2.41 
2.42 
2.43 
2.44 
2.45 
2.46 
2.47 

p 

0.9893 
0.9896 
0.9898 
0.9901 
0.9904 
0.9906 
0.9909 
0.9911 
0.9913 
0.9916 
0.9918 
0.9920 
0.9922 
0.9925 
0.9927 
0.9929 
0.9931 
0.9932 

 
 
 
 
 
 
 
 
 
 
 
 
 
 
 
 
 
 
 

z 

2.48 
2.49 
2.50 
2.51 
2.52 
2.53 
2.54 
2.55 
2.56 
2.57 
2.58 
2.59 
2.60 
2.61 
2.62 
2.63 
2.64 
2.65 

p 

0.9934 
0.9936 
0.9938 
0.9940 
0.9941 
0.9943 
0.9945 
0.9946 
0.9948 
0.9949 
0.9951 
0.9952 
0.9953 
0.9955 
0.9956 
0.9957 
0.9959 
0.9960 

 
 
 
 
 
 
 
 
 
 
 
 
 
 
 
 
 
 
 

z 

2.66 
2.67 
2.68 
2.69 
2.70 
2.71 
2.72 
2.73 
2.74 
2.75 
2.76 
2.77 
2.78 
2.79 
2.80 
2.81 
2.82 
2.83 

p 

0.9961 
0.9962 
0.9963 
0.9964 
0.9965 
0.9966 
0.9967 
0.9968 
0.9969 
0.9970 
0.9971 
0.9972 
0.9973 
0.9974 
0.9974 
0.9975 
0.9976 
0.9977 

 
 
 
 
 
 
 
 
 
 
 
 
 
 
 
 
 
 
 

z 

2.84 
2.85 
2.86 
2.87 
2.88 
2.89 
2.9 
2.91 
2.92 
2.93 
2.94 
2.95 
2.96 
2.97 
2.98 
2.99 
3.00 
3.01 

p 

0.9977 
0.9978 
0.9979 
0.9979 
0.9980 
0.9981 
0.9981 
0.9982 
0.9982 
0.9983 
0.9984 
0.9984 
0.9985 
0.9985 
0.9986 
0.9986 
0.9987 
0.9987 

 
 
 
 
 
 
 
 
 
 
 
 
 
 
 
 
 
 
 

z 

3.02 
3.03 
3.04 
3.05 
3.06 
3.07 
3.08 
3.09 
3.10 
3.11 
3.12 
3.13 
3.14 
3.15 
3.16 
3.17 
3.18 
3.19 

p 

0.9987 
0.9988 
0.9988 
0.9989 
0.9989 
0.9989 
0.9990 
0.9990 
0.9990 
0.9991 
0.9991 
0.9991 
0.9992 
0.9992 
0.9992 
0.9992 
0.9993 
0.9993 

 

 

 

 

‐ 3 ‐
 

(25.10.2012)

Prof. Dr. T. Staufenbiel                             Universität Osnabrück                                  WS 2014/2015 

 
 
 
 
Die Tabelle enthält die t‐Werte der zentralen t‐Verteilung für aus‐
gewählte Quantile p (in den Spalten) in Abhängigkeit von den Frei‐
heits‐graden df (in den Zeilen) für t > 0. 
 
 

t‐Verteilung 

 
df 
1 
2 
3 
4 
5 
6 
7 
8 
9 
10 
11 
12 
13 
14 
15 
16 
17 
18 
19 
20 
21 
22 
23 
24 
25 
26 
27 
28 
29 
30 
40 
60 
80 
100 
120 
150 
200 
500 
 
 

0.60 
0.3249 
0.2887 
0.2767 
0.2707 
0.2672 
0.2648 
0.2632 
0.2619 
0.2610 
0.2602 
0.2596 
0.2590 
0.2586 
0.2582 
0.2579 
0.2576 
0.2573 
0.2571 
0.2569 
0.2567 
0.2566 
0.2564 
0.2563 
0.2562 
0.2561 
0.2560 
0.2559 
0.2558 
0.2557 
0.2556 
0.2550 
0.2545 
0.2542 
0.2540 
0.2539 
0.2538 
0.2537 
0.2535 
0.2533 
0.60 

0.70 
0.7265 
0.6172 
0.5844 
0.5686 
0.5594 
0.5534 
0.5491 
0.5459 
0.5435 
0.5415 
0.5399 
0.5386 
0.5375 
0.5366 
0.5357 
0.5350 
0.5344 
0.5338 
0.5333 
0.5329 
0.5325 
0.5321 
0.5317 
0.5314 
0.5312 
0.5309 
0.5306 
0.5304 
0.5302 
0.5300 
0.5286 
0.5272 
0.5265 
0.5261 
0.5258 
0.5255 
0.5252 
0.5247 
0.5244 
0.70 

0.80 
1.3764 
1.0607 
0.9785 
0.9410 
0.9195 
0.9057 
0.8960 
0.8889 
0.8834 
0.8791 
0.8755 
0.8726 
0.8702 
0.8681 
0.8662 
0.8647 
0.8633 
0.8620 
0.8610 
0.8600 
0.8591 
0.8583 
0.8575 
0.8569 
0.8562 
0.8557 
0.8551 
0.8546 
0.8542 
0.8538 
0.8507 
0.8477 
0.8461 
0.8452 
0.8446 
0.8440 
0.8434 
0.8423 
0.8416 
0.80 

0.85 
1.9626 
1.3862 
1.2498 
1.1896 
1.1558 
1.1342 
1.1192 
1.1082 
1.0997 
1.0931 
1.0877 
1.0832 
1.0795 
1.0763 
1.0735 
1.0711 
1.0690 
1.0672 
1.0655 
1.0640 
1.0627 
1.0615 
1.0603 
1.0593 
1.0584 
1.0575 
1.0567 
1.0560 
1.0553 
1.0547 
1.0501 
1.0455 
1.0432 
1.0418 
1.0409 
1.0400 
1.0391 
1.0375 
1.0364 
0.85 

p 
0.90 
3.0777 
1.8856 
1.6377 
1.5332 
1.4759 
1.4398 
1.4149 
1.3968 
1.3830 
1.3722 
1.3634 
1.3562 
1.3502 
1.3450 
1.3406 
1.3368 
1.3334 
1.3304 
1.3277 
1.3253 
1.3232 
1.3212 
1.3195 
1.3178 
1.3164 
1.3150 
1.3137 
1.3125 
1.3114 
1.3104 
1.3031 
1.2958 
1.2922 
1.2901 
1.2887 
1.2872 
1.2858 
1.2832 
1.2816 
0.90 

0.95 
6.3138 
2.9200 
2.3534 
2.1319 
2.0151 
1.9432 
1.8946 
1.8596 
1.8331 
1.8125 
1.7959 
1.7823 
1.7709 
1.7613 
1.7531 
1.7459 
1.7396 
1.7341 
1.7291 
1.7247 
1.7207 
1.7171 
1.7139 
1.7109 
1.7081 
1.7056 
1.7033 
1.7011 
1.6991 
1.6973 
1.6839 
1.6707 
1.6641 
1.6602 
1.6577 
1.6551 
1.6525 
1.6479 
1.6449 
0.95 

0.99 

0.975 
0.995 
12.7062  31.8205  63.6567 
9.9248 
4.3027 
5.8409 
3.1825 
4.6041 
2.7765 
2.5706 
4.0321 
3.7074 
2.4469 
3.4995 
2.3646 
3.3554 
2.3060 
2.2622 
3.2498 
3.1693 
2.2281 
3.1058 
2.2010 
3.0545 
2.1788 
2.1604 
3.0123 
2.9768 
2.1448 
2.9467 
2.1315 
2.9208 
2.1199 
2.1098 
2.8982 
2.8784 
2.1009 
2.8609 
2.0930 
2.0860 
2.8453 
2.8314 
2.0796 
2.8188 
2.0739 
2.8073 
2.0687 
2.0639 
2.7969 
2.7874 
2.0595 
2.7787 
2.0555 
2.7707 
2.0518 
2.0484 
2.7633 
2.7564 
2.0452 
2.7500 
2.0423 
2.7045 
2.0211 
2.0003 
2.6603 
2.6387 
1.9901 
2.6259 
1.9840 
2.6174 
1.9799 
1.9795 
2.6090 
2.6006 
1.9719 
2.5857 
1.9647 
2.5758 
1.9600 
0.975 
0.995 

6.9646 
4.5407 
3.7470 
3.3649 
3.1427 
2.9980 
2.8965 
2.8214 
2.7638 
2.7181 
2.6810 
2.6503 
2.6245 
2.6025 
2.5835 
2.5669 
2.5524 
2.5395 
2.5280 
2.5177 
2.5083 
2.4999 
2.4922 
2.4851 
2.4786 
2.4727 
2.4671 
2.4620 
2.4573 
2.4233 
2.3901 
2.3739 
2.3642 
2.3578 
2.3515 
2.3451 
2.3338 
2.3264 
0.99 

 

‐ 4 ‐
 

(25.10.2012)

Prof. Dr. T. Staufenbiel                             Universität Osnabrück                                  WS 2014/2015 

F‐Verteilung

 
 
 
 
Die Tabelle enthält die F‐Werte der zentralen F‐Verteilung für aus‐
gewählte Quantile p (in den Zeilen) in Abhängigkeit von den Zähler‐
freiheitsgraden df1 (in den Spalten) und Nennerfreiheitgraden df2  
(in den Zeilen). 
 

5 

 
df2 
1 
 
2 
 
 
3 
 
 
4 
 
 
5 
 
 
6 
 
 
7 
 
 
8 
 
 
9 
 
 
10 
 
 
11 
 
 
12 
 
 
13 
 
 
14 
 
 
 

1 

2 

8 

9 

6 

7 

3 

4 

39.86 

49.50 

53.59 

55.83 

57.24 

58.20 

58.91 

59.44 

59.86 

df1 

 
p 
10 
0.90 
60.19 
0.95  161.45  199.50  215.71 224.58 230.16 233.99 236.77 238.88  240.54  241.88
0.90 
9.39 
19.40 
0.95 
99.40 
0.99 
0.90 
5.23 
0.95 
8.79 
27.23 
0.99 
3.92 
0.90 
0.95 
5.96 
14.55 
0.99 
3.30 
0.90 
0.95 
4.74 
10.05 
0.99 
2.94 
0.90 
4.06 
0.95 
7.87 
0.99 
0.90 
2.70 
3.64 
0.95 
6.62 
0.99 
0.90 
2.54 
3.35 
0.95 
5.81 
0.99 
2.42 
0.90 
0.95 
3.14 
5.26 
0.99 
2.32 
0.90 
2.98 
0.95 
0.99 
4.85 
2.25 
0.90 
2.85 
0.95 
4.54 
0.99 
0.90 
2.19 
2.75 
0.95 
4.30 
0.99 
2.14 
0.90 
0.95 
2.67 
4.10 
0.99 
2.10 
0.90 
2.60 
0.95 
0.99 
3.94 
10 

9.38 
19.38 
99.39 
5.24 
8.81 
27.35 
3.94 
6.00 
14.66 
3.32 
4.77 
10.16 
2.96 
4.10 
7.98 
2.72 
3.68 
6.72 
2.56 
3.39 
5.91 
2.44 
3.18 
5.35 
2.35 
3.02 
4.94 
2.27 
2.90 
4.63 
2.21 
2.80 
4.39 
2.16 
2.71 
4.19 
2.12 
2.65 
4.03 
9 

9.37 
19.37 
99.37 
5.25 
8.85 
27.49 
3.95 
6.04 
14.80 
3.34 
4.82 
10.29 
2.98 
4.15 
8.10 
2.75 
3.73 
6.84 
2.59 
3.44 
6.03 
2.47 
3.23 
5.47 
2.38 
3.07 
5.06 
2.30 
2.95 
4.74 
2.24 
2.85 
4.50 
2.20 
2.77 
4.30 
2.15 
2.70 
4.14 
8 

9.35 
19.35 
99.36 
5.27 
8.89 
27.67 
3.98 
6.09 
14.98 
3.37 
4.88 
10.46 
3.01 
4.21 
8.26 
2.78 
3.79 
6.99 
2.62 
3.50 
6.18 
2.51 
3.29 
5.61 
2.41 
3.14 
5.20 
2.34 
3.01 
4.89 
2.28 
2.91 
4.64 
2.23 
2.83 
4.44 
2.19 
2.76 
4.28 
7 

9.33 
19.33 
99.33 
5.28 
8.94 
27.91 
4.01 
6.16 
15.21 
3.40 
4.95 
10.67 
3.05 
4.28 
8.47 
2.83 
3.87 
7.19 
2.67 
3.58 
6.37 
2.55 
3.37 
5.80 
2.46 
3.22 
5.39 
2.39 
3.09 
5.07 
2.33 
3.00 
4.82 
2.28 
2.92 
4.62 
2.24 
2.85 
4.46 
6 

9.29 
19.30 
99.30 
5.31 
9.01 
28.24 
4.05 
6.26 
15.52 
3.45 
5.05 
10.97 
3.11 
4.39 
8.75 
2.88 
3.97 
7.46 
2.73 
3.69 
6.63 
2.61 
3.48 
6.06 
2.52 
3.33 
5.64 
2.45 
3.20 
5.32 
2.39 
3.11 
5.06 
2.35 
3.03 
4.86 
2.31 
2.96 
4.69 
5 

9.24 
19.25 
99.25 
5.34 
9.12 
28.71 
4.11 
6.39 
15.98 
3.52 
5.19 
11.39 
3.18 
4.53 
9.15 
2.96 
4.12 
7.85 
2.81 
3.84 
7.01 
2.69 
3.63 
6.42 
2.61 
3.48 
5.99 
2.54 
3.36 
5.67 
2.48 
3.26 
5.41 
2.43 
3.18 
5.21 
2.39 
3.11 
5.04 
4 

9.16 
19.16 
99.17 
5.39 
9.28 
29.46 
4.19 
6.59 
16.69 
3.62 
5.41 
12.06 
3.29 
4.76 
9.78 
3.07 
4.35 
8.45 
2.92 
4.07 
7.59 
2.81 
3.86 
6.99 
2.73 
3.71 
6.55 
2.66 
3.59 
6.22 
2.61 
3.49 
5.95 
2.56 
3.41 
5.74 
2.52 
3.34 
5.56 
3 

9.00 
19.00 
99.00 
5.46 
9.55 
30.82 
4.32 
6.94 
18.00 
3.78 
5.79 
13.27 
3.46 
5.14 
10.92 
3.26 
4.74 
9.55 
3.11 
4.46 
8.65 
3.01 
4.26 
8.02 
2.92 
4.10 
7.56 
2.86 
3.98 
7.21 
2.81 
3.89 
6.93 
2.76 
3.81 
6.70 
2.73 
3.74 
6.51 
2 

8.53 
18.51 
98.50 
5.54 
10.13 
34.12 
4.54 
7.71 
21.20 
4.06 
6.61 
16.26 
3.78 
5.99 
13.75 
3.59 
5.59 
12.25 
3.46 
5.32 
11.26 
3.36 
5.12 
10.56 
3.29 
4.96 
10.04 
3.23 
4.84 
9.65 
3.18 
4.75 
9.33 
3.14 
4.67 
9.07 
3.10 
4.60 
8.86 
1 

 

 
 

 

‐ 5 ‐
 

(25.10.2012)

Prof. Dr. T. Staufenbiel                             Universität Osnabrück                                  WS 2014/2015 

 
df2 
1 
 
2 
 
 
3 
 
 
4 
 
 
5 
 
 
6 
 
 
7 
 
 
8 
 
 
9 
 
 
10 
 
 
11 
 
 
12 
 
 
13 
 
 
14 
 
 
 

df1 

18 
61.57 

19 
61.66 

 
p 
20 
0.90 
61.74 
0.95  242.98  243.91  244.69 245.36 245.95 246.46 246.92 247.32  247.69  248.01
0.90 
9.44 
19.45 
0.95 
99.45 
0.99 
0.90 
5.18 
0.95 
8.66 
26.69 
0.99 
3.84 
0.90 
0.95 
5.80 
14.02 
0.99 
3.21 
0.90 
4.56 
0.95 
0.99 
9.55 
2.84 
0.90 
3.87 
0.95 
7.40 
0.99 
0.90 
2.59 
3.44 
0.95 
6.16 
0.99 
2.42 
0.90 
0.95 
3.15 
5.36 
0.99 
2.30 
0.90 
2.94 
0.95 
0.99 
4.81 
2.20 
0.90 
2.77 
0.95 
0.99 
4.41 
2.12 
0.90 
2.65 
0.95 
4.10 
0.99 
0.90 
2.06 
2.54 
0.95 
3.86 
0.99 
2.01 
0.90 
0.95 
2.46 
3.66 
0.99 
1.96 
0.90 
2.39 
0.95 
0.99 
3.51 
20 

9.44 
19.44 
99.45 
5.19 
8.67 
26.72 
3.85 
5.81 
14.05 
3.21 
4.57 
9.58 
2.84 
3.88 
7.42 
2.60 
3.46 
6.18 
2.43 
3.16 
5.38 
2.30 
2.95 
4.83 
2.21 
2.79 
4.43 
2.13 
2.66 
4.12 
2.07 
2.56 
3.88 
2.01 
2.47 
3.69 
1.97 
2.40 
3.53 
19 

9.44 
19.44 
99.44 
5.19 
8.67 
26.75 
3.85 
5.82 
14.08 
3.22 
4.58 
9.61 
2.85 
3.90 
7.45 
2.61 
3.47 
6.21 
2.44 
3.17 
5.41 
2.31 
2.96 
4.86 
2.22 
2.80 
4.46 
2.14 
2.67 
4.15 
2.08 
2.57 
3.91 
2.02 
2.48 
3.72 
1.98 
2.41 
3.56 
18 

11 
60.47 

9.40 
19.40 
99.41 
5.22 
8.76 
27.13 
3.91 
5.94 
14.45 
3.28 
4.70 
9.96 
2.92 
4.03 
7.79 
2.68 
3.60 
6.54 
2.52 
3.31 
5.73 
2.40 
3.10 
5.18 
2.30 
2.94 
4.77 
2.23 
2.82 
4.46 
2.17 
2.72 
4.22 
2.12 
2.63 
4.02 
2.07 
2.57 
3.86 
11 

12 
60.71 

9.41 
19.41 
99.42 
5.22 
8.74 
27.05 
3.90 
5.91 
14.37 
3.27 
4.68 
9.89 
2.90 
4.00 
7.72 
2.67 
3.57 
6.47 
2.50 
3.28 
5.67 
2.38 
3.07 
5.11 
2.28 
2.91 
4.71 
2.21 
2.79 
4.40 
2.15 
2.69 
4.16 
2.10 
2.60 
3.96 
2.05 
2.53 
3.80 
12 

13 
60.90 

9.41 
19.42 
99.42 
5.21 
8.73 
26.98 
3.89 
5.89 
14.31 
3.26 
4.66 
9.82 
2.89 
3.98 
7.66 
2.65 
3.55 
6.41 
2.49 
3.26 
5.61 
2.36 
3.05 
5.05 
2.27 
2.89 
4.65 
2.19 
2.76 
4.34 
2.13 
2.66 
4.10 
2.08 
2.58 
3.91 
2.04 
2.51 
3.75 
13 

14 
61.07 

9.42 
19.42 
99.43 
5.20 
8.71 
26.92 
3.88 
5.87 
14.25 
3.25 
4.64 
9.77 
2.88 
3.96 
7.60 
2.64 
3.53 
6.36 
2.48 
3.24 
5.56 
2.35 
3.03 
5.01 
2.26 
2.86 
4.60 
2.18 
2.74 
4.29 
2.12 
2.64 
4.05 
2.07 
2.55 
3.86 
2.02 
2.48 
3.70 
14 

15 
61.22 

9.42 
19.43 
99.43 
5.20 
8.70 
26.87 
3.87 
5.86 
14.20 
3.24 
4.62 
9.72 
2.87 
3.94 
7.56 
2.63 
3.51 
6.31 
2.46 
3.22 
5.52 
2.34 
3.01 
4.96 
2.24 
2.85 
4.56 
2.17 
2.72 
4.25 
2.10 
2.62 
4.01 
2.05 
2.53 
3.82 
2.01 
2.46 
3.66 
15 

16 
61.35 

9.43 
19.43 
99.44 
5.20 
8.69 
26.83 
3.86 
5.84 
14.15 
3.23 
4.60 
9.68 
2.86 
3.92 
7.52 
2.62 
3.49 
6.28 
2.45 
3.20 
5.48 
2.33 
2.99 
4.92 
2.23 
2.83 
4.52 
2.16 
2.70 
4.21 
2.09 
2.60 
3.97 
2.04 
2.51 
3.78 
2.00 
2.44 
3.62 
16 

17 
61.46 

9.43 
19.44 
99.44 
5.19 
8.68 
26.79 
3.86 
5.83 
14.11 
3.22 
4.59 
9.64 
2.85 
3.91 
7.48 
2.61 
3.48 
6.24 
2.45 
3.19 
5.44 
2.32 
2.97 
4.89 
2.22 
2.81 
4.49 
2.15 
2.69 
4.18 
2.08 
2.58 
3.94 
2.03 
2.50 
3.75 
1.99 
2.43 
3.59 
17 

 

 

 

 

 

‐ 6 ‐
 

(25.10.2012)

Prof. Dr. T. Staufenbiel                             Universität Osnabrück                                  WS 2014/2015 

 
df2 
1 
 
2 
 
 
3 
 
 
4 
 
 
5 
 
 
6 
 
 
7 
 
 
8 
 
 
9 
 
 
10 
 
 
11 
 
 
12 
 
 
13 
 
 
14 
 
 
 

df1 

90 
62.97 

100 
63.01 

 
p 
500 
0.90 
63.30 
0.95  249.26  250.10  251.14 251.77 252.20 252.50 252.72 252.90  253.04  254.20
0.90 
9.49 
19.49 
0.95 
99.56 
0.99 
0.90 
5.13 
0.95 
8.53 
26.15 
0.99 
3.76 
0.90 
0.95 
5.63 
13.49 
0.99 
3.10 
0.90 
4.36 
0.95 
0.99 
9.02 
2.72 
0.90 
3.67 
0.95 
6.88 
0.99 
0.90 
2.47 
3.23 
0.95 
5.65 
0.99 
2.29 
0.90 
0.95 
2.93 
4.86 
0.99 
2.16 
0.90 
2.71 
0.95 
0.99 
4.31 
2.06 
0.90 
2.54 
0.95 
0.99 
3.91 
1.97 
0.90 
2.40 
0.95 
3.60 
0.99 
0.90 
1.90 
2.30 
0.95 
3.36 
0.99 
1.85 
0.90 
0.95 
2.21 
3.17 
0.99 
1.80 
0.90 
2.13 
0.95 
0.99 
3.00 
500 

9.48 
19.49 
99.49 
5.14 
8.55 
26.24 
3.78 
5.66 
13.58 
3.13 
4.41 
9.13 
2.75 
3.71 
6.99 
2.50 
3.27 
5.75 
2.32 
2.97 
4.96 
2.19 
2.76 
4.41 
2.09 
2.59 
4.01 
2.01 
2.46 
3.71 
1.94 
2.35 
3.47 
1.88 
2.26 
3.27 
1.83 
2.19 
3.11 
100 

9.48 
19.48 
99.49 
5.15 
8.56 
26.25 
3.78 
5.67 
13.59 
3.13 
4.41 
9.14 
2.75 
3.72 
7.00 
2.50 
3.28 
5.77 
2.32 
2.98 
4.97 
2.19 
2.76 
4.43 
2.09 
2.59 
4.03 
2.01 
2.46 
3.72 
1.94 
2.36 
3.48 
1.89 
2.27 
3.28 
1.84 
2.19 
3.12 
90 

25 
62.05 

9.45 
19.46 
99.46 
5.17 
8.63 
26.58 
3.83 
5.77 
13.91 
3.19 
4.52 
9.45 
2.81 
3.83 
7.30 
2.57 
3.40 
6.06 
2.40 
3.11 
5.26 
2.27 
2.89 
4.71 
2.17 
2.73 
4.31 
2.10 
2.60 
4.01 
2.03 
2.50 
3.76 
1.98 
2.41 
3.57 
1.93 
2.34 
3.41 
25 

30 
62.26 

9.46 
19.46 
99.47 
5.17 
8.62 
26.50 
3.82 
5.75 
13.84 
3.17 
4.50 
9.38 
2.80 
3.81 
7.23 
2.56 
3.38 
5.99 
2.38 
3.08 
5.20 
2.25 
2.86 
4.65 
2.16 
2.70 
4.25 
2.08 
2.57 
3.94 
2.01 
2.47 
3.70 
1.96 
2.38 
3.51 
1.91 
2.31 
3.35 
30 

40 
62.53 

9.47 
19.47 
99.47 
5.16 
8.59 
26.41 
3.80 
5.72 
13.75 
3.16 
4.46 
9.29 
2.78 
3.77 
7.14 
2.54 
3.34 
5.91 
2.36 
3.04 
5.12 
2.23 
2.83 
4.57 
2.13 
2.66 
4.17 
2.05 
2.53 
3.86 
1.99 
2.43 
3.62 
1.93 
2.34 
3.43 
1.89 
2.27 
3.27 
40 

50 
62.69 

9.47 
19.48 
99.48 
5.15 
8.58 
26.35 
3.80 
5.70 
13.69 
3.15 
4.44 
9.24 
2.77 
3.75 
7.09 
2.52 
3.32 
5.86 
2.35 
3.02 
5.07 
2.22 
2.80 
4.52 
2.12 
2.64 
4.12 
2.04 
2.51 
3.81 
1.97 
2.40 
3.57 
1.92 
2.31 
3.38 
1.87 
2.24 
3.22 
50 

60 
62.79 

9.47 
19.48 
99.48 
5.15 
8.57 
26.32 
3.79 
5.69 
13.65 
3.14 
4.43 
9.20 
2.76 
3.74 
7.06 
2.51 
3.30 
5.82 
2.34 
3.01 
5.03 
2.21 
2.79 
4.48 
2.11 
2.62 
4.08 
2.03 
2.49 
3.78 
1.96 
2.38 
3.54 
1.90 
2.30 
3.34 
1.86 
2.22 
3.18 
60 

70 
62.87 

9.48 
19.48 
99.48 
5.15 
8.57 
26.29 
3.79 
5.68 
13.63 
3.14 
4.42 
9.18 
2.76 
3.73 
7.03 
2.51 
3.29 
5.80 
2.33 
2.99 
5.01 
2.20 
2.78 
4.46 
2.10 
2.61 
4.06 
2.02 
2.48 
3.75 
1.95 
2.37 
3.51 
1.90 
2.28 
3.32 
1.85 
2.21 
3.16 
70 

80 
62.93 

9.48 
19.48 
99.49 
5.15 
8.56 
26.27 
3.78 
5.67 
13.61 
3.13 
4.41 
9.16 
2.75 
3.72 
7.01 
2.50 
3.29 
5.78 
2.33 
2.99 
4.99 
2.20 
2.77 
4.44 
2.09 
2.60 
4.04 
2.01 
2.47 
3.73 
1.95 
2.36 
3.49 
1.89 
2.27 
3.30 
1.84 
2.20 
3.14 
80 

 

 

 

 

 

‐ 7 ‐
 

(25.10.2012)

 
 

 

Prof. Dr. T. Staufenbiel                             Universität Osnabrück                                  WS 2014/2015 

 
df2 
15 
 
 
16 
 
 
17 
 
 
18 
 
 
19 
 
 
20 
 
 
21 
 
 
22 
 
 
24 
 
 
26 
 
 
28 
 
 
30 
 
 
40 
 
 
60 
 
 
80 
 
 

 
p 
0.90 
0.95 
0.99 
0.90 
0.95 
0.99 
0.90 
0.95 
0.99 
0.90 
0.95 
0.99 
0.90 
0.95 
0.99 
0.90 
0.95 
0.99 
0.90 
0.95 
0.99 
0.90 
0.95 
0.99 
0.90 
0.95 
0.99 
0.90 
0.95 
0.99 
0.90 
0.95 
0.99 
0.90 
0.95 
0.99 
0.90 
0.95 
0.99 
0.90 
0.95 
0.99 
0.90 
0.95 
0.99 
120  0.90 
0.95 
0.99 
500  0.90 
0.95 
0.99 

 

 
 

 
 
 

1 
3.07 
4.54 
8.68 
3.05 
4.49 
8.53 
3.03 
4.45 
8.40 
3.01 
4.41 
8.29 
2.99 
4.38 
8.18 
2.97 
4.35 
8.10 
2.96 
4.32 
8.02 
2.95 
4.30 
7.95 
2.93 
4.26 
7.82 
2.91 
4.23 
7.72 
2.89 
4.20 
7.64 
2.88 
4.17 
7.56 
2.84 
4.08 
7.31 
2.79 
4.00 
7.08 
2.77 
3.96 
6.96 
2.75 
3.92 
6.85 
2.72 
3.86 
6.69 
1 

2 
2.70 
3.68 
6.36 
2.67 
3.63 
6.23 
2.64 
3.59 
6.11 
2.62 
3.55 
6.01 
2.61 
3.52 
5.93 
2.59 
3.49 
5.85 
2.57 
3.47 
5.78 
2.56 
3.44 
5.72 
2.54 
3.40 
5.61 
2.52 
3.37 
5.53 
2.50 
3.34 
5.45 
2.49 
3.32 
5.39 
2.44 
3.23 
5.18 
2.39 
3.15 
4.98 
2.37 
3.11 
4.88 
2.35 
3.07 
4.79 
2.31 
3.01 
4.65 
2 

3 
2.49 
3.29 
5.42 
2.46 
3.24 
5.29 
2.44 
3.20 
5.18 
2.42 
3.16 
5.09 
2.40 
3.13 
5.01 
2.38 
3.10 
4.94 
2.36 
3.07 
4.87 
2.35 
3.05 
4.82 
2.33 
3.01 
4.72 
2.31 
2.98 
4.64 
2.29 
2.95 
4.57 
2.28 
2.92 
4.51 
2.23 
2.84 
4.31 
2.18 
2.76 
4.13 
2.15 
2.72 
4.04 
2.13 
2.68 
3.95 
2.09 
2.62 
3.82 
3 

4 
2.36 
3.06 
4.89 
2.33 
3.01 
4.77 
2.31 
2.96 
4.67 
2.29 
2.93 
4.58 
2.27 
2.90 
4.50 
2.25 
2.87 
4.43 
2.23 
2.84 
4.37 
2.22 
2.82 
4.31 
2.19 
2.78 
4.22 
2.17 
2.74 
4.14 
2.16 
2.71 
4.07 
2.14 
2.69 
4.02 
2.09 
2.61 
3.83 
2.04 
2.53 
3.65 
2.02 
2.49 
3.56 
1.99 
2.45 
3.48 
1.96 
2.40 
3.57 
4 

df1 

5 
2.27 
2.90 
4.56 
2.24 
2.85 
4.44 
2.22 
2.81 
4.34 
2.20 
2.77 
4.25 
2.18 
2.74 
4.17 
2.16 
2.71 
4.10 
2.14 
2.68 
4.04 
2.13 
2.66 
3.99 
2.10 
2.62 
3.90 
2.08 
2.59 
3.82 
2.06 
2.56 
3.75 
2.05 
2.53 
3.70 
2.00 
2.45 
3.51 
1.95 
2.37 
3.34 
1.92 
2.33 
3.26 
1.90 
2.29 
3.17 
1.86 
2.23 
3.05 
5 

6 
2.21 
2.79 
4.32 
2.18 
2.74 
4.20 
2.15 
2.70 
4.10 
2.13 
2.66 
4.01 
2.11 
2.63 
3.94 
2.09 
2.60 
3.87 
2.08 
2.57 
3.81 
2.06 
2.55 
3.76 
2.04 
2.51 
3.67 
2.01 
2.47 
3.59 
2.00 
2.45 
3.53 
1.98 
2.42 
3.47 
1.93 
2.34 
3.29 
1.87 
2.25 
3.12 
1.85 
2.21 
3.04 
1.82 
2.18 
2.96 
1.79 
2.12 
2.84 
6 

7 
2.16 
2.71 
4.14 
2.13 
2.66 
4.03 
2.10 
2.61 
3.93 
2.08 
2.58 
3.84 
2.06 
2.54 
3.77 
2.04 
2.51 
3.70 
2.02 
2.49 
3.64 
2.01 
2.46 
3.59 
1.98 
2.42 
3.50 
1.96 
2.39 
3.42 
1.94 
2.36 
3.36 
1.93 
2.33 
3.30 
1.87 
2.25 
3.12 
1.82 
2.17 
2.95 
1.79 
2.13 
2.87 
1.77 
2.09 
2.79 
1.73 
2.09 
2.68 
7 

8 
2.12 
2.64 
4.00 
2.09 
2.59 
3.89 
2.06 
2.55 
3.79 
2.04 
2.51 
3.71 
2.02 
2.48 
3.63 
2.00 
2.45 
3.56 
1.98 
2.42 
3.51 
1.97 
2.40 
3.45 
1.94 
2.36 
3.36 
1.92 
2.32 
3.29 
1.90 
2.29 
3.23 
1.88 
2.27 
3.17 
1.83 
2.18 
2.99 
1.77 
2.10 
2.82 
1.75 
2.06 
2.74 
1.72 
2.02 
2.66 
1.68 
2.02 
2.55 
8 

9 
2.09 
2.59 
3.89 
2.06 
2.54 
3.78 
2.03 
2.49 
3.68 
2.00 
2.46 
3.60 
1.98 
2.42 
3.52 
1.96 
2.39 
3.46 
1.95 
2.37 
3.40 
1.93 
2.34 
3.35 
1.91 
2.30 
3.26 
1.88 
2.27 
3.18 
1.87 
2.24 
3.12 
1.85 
2.21 
3.07 
1.79 
2.12 
2.89 
1.74 
2.04 
2.72 
1.71 
2.00 
2.64 
1.68 
1.96 
2.56 
1.64 
1.96 
2.44 
9 

10 
2.06 
2.54 
3.80 
2.03 
2.49 
3.69 
2.00 
2.45 
3.59 
1.98 
2.41 
3.51 
1.96 
2.38 
3.43 
1.94 
2.35 
3.37 
1.92 
2.32 
3.31 
1.90 
2.30 
3.26 
1.88 
2.25 
3.17 
1.86 
2.22 
3.09 
1.84 
2.19 
3.03 
1.82 
2.16 
2.98 
1.76 
2.08 
2.80 
1.71 
1.99 
2.63 
1.68 
1.95 
2.55 
1.65 
1.91 
2.47 
1.61 
1.91 
2.36 
10 

 

‐ 8 ‐
 

(25.10.2012)

 
 

 

Prof. Dr. T. Staufenbiel                             Universität Osnabrück                                  WS 2014/2015 

 
df2 
15 
 
 
16 
 
 
17 
 
 
18 
 
 
19 
 
 
20 
 
 
21 
 
 
22 
 
 
24 
 
 
26 
 
 
28 
 
 
30 
 
 
40 
 
 
60 
 
 
80 
 
 

 
p 
0.90 
0.95 
0.99 
0.90 
0.95 
0.99 
0.90 
0.95 
0.99 
0.90 
0.95 
0.99 
0.90 
0.95 
0.99 
0.90 
0.95 
0.99 
0.90 
0.95 
0.99 
0.90 
0.95 
0.99 
0.90 
0.95 
0.99 
0.90 
0.95 
0.99 
0.90 
0.95 
0.99 
0.90 
0.95 
0.99 
0.90 
0.95 
0.99 
0.90 
0.95 
0.99 
0.90 
0.95 
0.99 
120  0.90 
0.95 
0.99 
500  0.90 
0.95 
0.99 

 

 
 

 
 
 

11 
2.04 
2.51 
3.73 
2.01 
2.46 
3.62 
1.98 
2.41 
3.52 
1.95 
2.37 
3.43 
1.93 
2.34 
3.36 
1.91 
2.31 
3.29 
1.90 
2.28 
3.24 
1.88 
2.26 
3.18 
1.85 
2.22 
3.09 
1.83 
2.18 
3.02 
1.81 
2.15 
2.96 
1.79 
2.13 
2.91 
1.74 
2.04 
2.73 
1.68 
1.95 
2.56 
1.65 
1.91 
2.48 
1.63 
1.87 
2.40 
1.58 
1.81 
2.28 
11 

 

12 
2.02 
2.48 
3.67 
1.99 
2.42 
3.55 
1.96 
2.38 
3.46 
1.93 
2.34 
3.37 
1.91 
2.31 
3.30 
1.89 
2.28 
3.23 
1.87 
2.25 
3.17 
1.86 
2.23 
3.12 
1.83 
2.18 
3.03 
1.81 
2.15 
2.96 
1.79 
2.12 
2.90 
1.77 
2.09 
2.84 
1.71 
2.00 
2.66 
1.66 
1.92 
2.50 
1.63 
1.88 
2.42 
1.60 
1.83 
2.34 
1.56 
1.77 
2.22 
12 

13 
2.00 
2.45 
3.61 
1.97 
2.40 
3.50 
1.94 
2.35 
3.40 
1.92 
2.31 
3.32 
1.89 
2.28 
3.24 
1.87 
2.25 
3.18 
1.86 
2.22 
3.12 
1.84 
2.20 
3.07 
1.81 
2.15 
2.98 
1.79 
2.12 
2.90 
1.77 
2.09 
2.84 
1.75 
2.06 
2.79 
1.70 
1.97 
2.61 
1.64 
1.89 
2.44 
1.61 
1.84 
2.36 
1.58 
1.80 
2.28 
1.54 
1.74 
2.17 
13 

14 
1.99 
2.42 
3.56 
1.95 
2.37 
3.45 
1.93 
2.33 
3.35 
1.90 
2.29 
3.27 
1.88 
2.26 
3.19 
1.86 
2.22 
3.13 
1.84 
2.20 
3.07 
1.83 
2.17 
3.02 
1.80 
2.13 
2.93 
1.77 
2.09 
2.86 
1.75 
2.06 
2.79 
1.74 
2.04 
2.74 
1.68 
1.95 
2.56 
1.62 
1.86 
2.39 
1.59 
1.82 
2.31 
1.56 
1.78 
2.23 
1.52 
1.71 
2.12 
14 

df1 

15 
1.97 
2.40 
3.52 
1.94 
2.35 
3.41 
1.91 
2.31 
3.31 
1.89 
2.27 
3.23 
1.86 
2.23 
3.15 
1.84 
2.20 
3.09 
1.83 
2.18 
3.03 
1.81 
2.15 
2.98 
1.78 
2.11 
2.89 
1.76 
2.07 
2.81 
1.74 
2.04 
2.75 
1.72 
2.01 
2.70 
1.66 
1.92 
2.52 
1.60 
1.84 
2.35 
1.57 
1.79 
2.27 
1.55 
1.75 
2.19 
1.50 
1.69 
2.07 
15 

16 
1.96 
2.38 
3.49 
1.93 
2.33 
3.37 
1.90 
2.29 
3.27 
1.87 
2.25 
3.19 
1.85 
2.21 
3.12 
1.83 
2.18 
3.05 
1.81 
2.16 
2.99 
1.80 
2.13 
2.94 
1.77 
2.09 
2.85 
1.75 
2.05 
2.78 
1.73 
2.02 
2.72 
1.71 
1.99 
2.66 
1.65 
1.90 
2.48 
1.59 
1.82 
2.31 
1.56 
1.77 
2.23 
1.53 
1.73 
2.15 
1.49 
1.66 
2.04 
16 

17 
1.95 
2.37 
3.45 
1.92 
2.32 
3.34 
1.89 
2.27 
3.24 
1.86 
2.23 
3.16 
1.84 
2.20 
3.08 
1.82 
2.17 
3.02 
1.80 
2.14 
2.96 
1.79 
2.11 
2.91 
1.76 
2.07 
2.82 
1.73 
2.03 
2.75 
1.71 
2.00 
2.68 
1.70 
1.98 
2.63 
1.64 
1.89 
2.45 
1.58 
1.80 
2.28 
1.55 
1.75 
2.20 
1.52 
1.71 
2.12 
1.47 
1.64 
2.00 
17 

18 
1.94 
2.35 
3.42 
1.91 
2.30 
3.31 
1.88 
2.26 
3.21 
1.85 
2.22 
3.13 
1.83 
2.18 
3.05 
1.81 
2.15 
2.99 
1.79 
2.12 
2.93 
1.78 
2.10 
2.88 
1.75 
2.05 
2.79 
1.72 
2.02 
2.72 
1.70 
1.99 
2.65 
1.69 
1.96 
2.60 
1.62 
1.87 
2.42 
1.56 
1.78 
2.25 
1.53 
1.73 
2.17 
1.50 
1.69 
2.09 
1.46 
1.62 
1.97 
18 

19 
1.93 
2.34 
3.40 
1.90 
2.29 
3.28 
1.87 
2.24 
3.19 
1.84 
2.20 
3.10 
1.82 
2.17 
3.03 
1.80 
2.14 
2.96 
1.78 
2.11 
2.90 
1.77 
2.08 
2.85 
1.74 
2.04 
2.76 
1.71 
2.00 
2.69 
1.69 
1.97 
2.63 
1.68 
1.95 
2.57 
1.61 
1.85 
2.39 
1.55 
1.76 
2.22 
1.52 
1.72 
2.14 
1.49 
1.67 
2.06 
1.45 
1.61 
1.94 
19 

20 
1.92 
2.33 
3.37 
1.89 
2.28 
3.26 
1.86 
2.23 
3.16 
1.84 
2.19 
3.08 
1.81 
2.16 
3.00 
1.79 
2.12 
2.94 
1.78 
2.10 
2.88 
1.76 
2.07 
2.83 
1.73 
2.03 
2.74 
1.71 
1.99 
2.66 
1.69 
1.96 
2.60 
1.67 
1.93 
2.55 
1.61 
1.84 
2.37 
1.54 
1.75 
2.20 
1.51 
1.70 
2.12 
1.48 
1.66 
2.03 
1.44 
1.59 
1.92 
20 

‐ 9 ‐
 

(25.10.2012)

 
 

 

Prof. Dr. T. Staufenbiel                             Universität Osnabrück                                  WS 2014/2015 

 
df2 
15 
 
 
16 
 
 
17 
 
 
18 
 
 
19 
 
 
20 
 
 
21 
 
 
22 
 
 
24 
 
 
26 
 
 
28 
 
 
30 
 
 
40 
 
 
60 
 
 
80 
 
 

 
p 
0.90 
0.95 
0.99 
0.90 
0.95 
0.99 
0.90 
0.95 
0.99 
0.90 
0.95 
0.99 
0.90 
0.95 
0.99 
0.90 
0.95 
0.99 
0.90 
0.95 
0.99 
0.90 
0.95 
0.99 
0.90 
0.95 
0.99 
0.90 
0.95 
0.99 
0.90 
0.95 
0.99 
0.90 
0.95 
0.99 
0.90 
0.95 
0.99 
0.90 
0.95 
0.99 
0.90 
0.95 
0.99 
120  0.90 
0.95 
0.99 
500  0.90 
0.95 
0.99 

 

 
 

 
 
 

25 
1.89 
2.28 
3.28 
1.86 
2.23 
3.16 
1.83 
2.18 
3.07 
1.80 
2.14 
2.98 
1.78 
2.11 
2.91 
1.76 
2.07 
2.84 
1.74 
2.05 
2.79 
1.73 
2.02 
2.73 
1.85 
2.22 
3.09 
1.83 
2.18 
3.02 
1.81 
2.15 
2.96 
1.79 
2.13 
2.91 
1.74 
2.04 
2.73 
1.68 
1.95 
2.56 
1.65 
1.91 
2.48 
1.63 
1.87 
2.40 
1.39 
1.53 
1.81 
25 

 

30 
1.87 
2.25 
3.21 
1.84 
2.19 
3.10 
1.81 
2.15 
3.00 
1.78 
2.11 
2.92 
1.76 
2.07 
2.84 
1.74 
2.04 
2.78 
1.72 
2.01 
2.72 
1.70 
1.98 
2.67 
1.83 
2.18 
3.03 
1.81 
2.15 
2.96 
1.79 
2.12 
2.90 
1.77 
2.09 
2.84 
1.71 
2.00 
2.66 
1.66 
1.92 
2.50 
1.63 
1.88 
2.42 
1.60 
1.83 
2.34 
1.36 
1.48 
1.74 
30 

40 
1.85 
2.20 
3.13 
1.81 
2.15 
3.02 
1.78 
2.10 
2.92 
1.75 
2.06 
2.84 
1.73 
2.03 
2.76 
1.71 
1.99 
2.69 
1.69 
1.96 
2.64 
1.67 
1.94 
2.58 
1.81 
2.15 
2.98 
1.79 
2.12 
2.90 
1.77 
2.09 
2.84 
1.75 
2.06 
2.79 
1.70 
1.97 
2.61 
1.64 
1.89 
2.44 
1.61 
1.84 
2.36 
1.58 
1.80 
2.28 
1.31 
1.42 
1.63 
40 

50 
1.83 
2.18 
3.08 
1.79 
2.12 
2.97 
1.76 
2.08 
2.87 
1.74 
2.04 
2.78 
1.71 
2.00 
2.71 
1.69 
1.97 
2.64 
1.67 
1.94 
2.58 
1.65 
1.91 
2.53 
1.80 
2.13 
2.93 
1.77 
2.09 
2.86 
1.75 
2.06 
2.79 
1.74 
2.04 
2.74 
1.68 
1.95 
2.56 
1.62 
1.86 
2.39 
1.59 
1.82 
2.31 
1.56 
1.78 
2.23 
1.28 
1.38 
1.57 
50 

df1 

60 
1.82 
2.16 
3.05 
1.78 
2.11 
2.93 
1.75 
2.06 
2.83 
1.72 
2.02 
2.75 
1.70 
1.98 
2.67 
1.68 
1.95 
2.61 
1.66 
1.92 
2.55 
1.64 
1.89 
2.50 
1.78 
2.11 
2.89 
1.76 
2.07 
2.81 
1.74 
2.04 
2.75 
1.72 
2.01 
2.70 
1.66 
1.92 
2.52 
1.60 
1.84 
2.35 
1.57 
1.79 
2.27 
1.55 
1.75 
2.19 
1.26 
1.35 
1.52 
60 

70 
1.81 
2.15 
3.02 
1.77 
2.09 
2.91 
1.74 
2.05 
2.81 
1.71 
2.00 
2.72 
1.69 
1.97 
2.65 
1.67 
1.93 
2.58 
1.65 
1.90 
2.52 
1.63 
1.88 
2.47 
1.77 
2.09 
2.85 
1.75 
2.05 
2.78 
1.73 
2.02 
2.72 
1.71 
1.99 
2.66 
1.65 
1.90 
2.48 
1.59 
1.82 
2.31 
1.56 
1.77 
2.23 
1.53 
1.73 
2.15 
1.25 
1.32 
1.48 
70 

80 
1.80 
2.14 
3.00 
1.77 
2.08 
2.89 
1.74 
2.03 
2.79 
1.71 
1.99 
2.70 
1.68 
1.96 
2.63 
1.66 
1.92 
2.56 
1.64 
1.89 
2.50 
1.62 
1.86 
2.45 
1.76 
2.07 
2.82 
1.73 
2.03 
2.75 
1.71 
2.00 
2.68 
1.70 
1.98 
2.63 
1.64 
1.89 
2.45 
1.58 
1.80 
2.28 
1.55 
1.75 
2.20 
1.52 
1.71 
2.12 
1.23 
1.30 
1.45 
80 

90 
1.80 
2.13 
2.99 
1.76 
2.07 
2.87 
1.73 
2.03 
2.78 
1.70 
1.98 
2.69 
1.68 
1.95 
2.61 
1.65 
1.91 
2.55 
1.63 
1.88 
2.49 
1.62 
1.86 
2.43 
1.75 
2.05 
2.79 
1.72 
2.02 
2.72 
1.70 
1.99 
2.65 
1.69 
1.96 
2.60 
1.62 
1.87 
2.42 
1.56 
1.78 
2.25 
1.53 
1.73 
2.17 
1.50 
1.69 
2.09 
1.22 
1.29 
1.43 
90 

100 
1.79 
2.12 
2.98 
1.76 
2.07 
2.86 
1.73 
2.02 
2.76 
1.70 
1.98 
2.68 
1.67 
1.94 
2.60 
1.65 
1.91 
2.54 
1.63 
1.88 
2.48 
1.61 
1.85 
2.42 
1.74 
2.04 
2.76 
1.71 
2.00 
2.69 
1.69 
1.97 
2.63 
1.68 
1.95 
2.57 
1.61 
1.85 
2.39 
1.55 
1.76 
2.22 
1.52 
1.72 
2.14 
1.49 
1.67 
2.06 
0.90 
1.28 
1.41 
100 

500 
1.76 
2.08 
2.89 
1.73 
2.02 
2.78 
1.69 
1.97 
2.68 
1.67 
1.93 
2.59 
1.64 
1.89 
2.51 
1.61 
1.86 
2.44 
1.60 
1.83 
2.38 
1.58 
1.80 
2.33 
1.54 
1.75 
2.24 
1.51 
1.71 
2.16 
1.49 
1.67 
2.09 
1.47 
1.64 
2.03 
1.39 
1.52 
1.83 
1.31 
1.41 
1.63 
1.26 
1.35 
1.53 
1.21 
1.28 
1.42 
1.12 
1.16 
1.23 
500 

‐ 10 ‐
 

(25.10.2012)

Prof. Dr. T. Staufenbiel                             Universität Osnabrück                                  WS 2014/2015 

 
   
 
 
Die Tabelle enthält die 2‐Werte der zentralen 2‐Verteilung für 
ausgewählte Quantile p (in den Spalten) in Abhängigkeit von den  
Freiheitsgraden df (in den Zeilen). 
 

2‐Verteilung 

p 

0.01 
0.0002 
0.0201 
0.1148 
0.2971 
0.5543 
0.8721 
1.2390 
1.6465 
2.0879 
2.5582 
3.0535 
3.5706 
4.1069 
4.6604 
5.2294 
5.8122 
6.4078 
7.0149 
7.6327 
8.2604 
8.8972 
9.5425 
10.1957 
10.8564 
11.5240 
12.1981 
12.8785 
13.5647 
14.2565 
14.9535 
22.1643 
29.7067 
37.4849 
45.4417 
53.5401 
61.7541 
70.0649 

0.025 
0.0010 
0.0506 
0.2158 
0.4844 
0.8312 
1.2373 
1.6899 
2.1797 
2.7004 
3.2470 
3.8158 
4.4038 
5.0088 
5.6287 
6.2621 
6.9077 
7.5642 
8.2308 
8.9065 
9.5908 
10.2829 
10.9823 
11.6886 
12.4012 
13.1197 
13.8439 
14.5734 
15.3079 
16.0471 
16.7908 
24.4330 
32.3574 
40.4817 
48.7576 
57.1532 
65.6466 
74.2219 

 
df 
0.50 
0.005 
3.910-5 
0.4549 
1 
1.3863 
0.0100 
2 
2.3660 
0.0717 
3 
3.3567 
0.2070 
4 
4.3515 
0.4117 
5 
5.3481 
0.6757 
6 
6.3458 
0.9893 
7 
7.3441 
1.3444 
8 
8.3428 
1.7349 
9 
9.3418 
2.1559 
10 
10.3410 
2.6032 
11 
11.3403 
3.0738 
12 
12.3398 
3.5650 
13 
13.3393 
4.0747 
14 
14.3389 
4.6009 
15 
15.3385 
5.1422 
16 
16.3382 
5.6972 
17 
17.3379 
6.2648 
18 
18.3377 
6.8440 
19 
19.3374 
7.4338 
20 
20.3372 
8.0337 
21 
21.3370 
8.6427 
22 
22.3369 
9.2604 
23 
23.3367 
9.8862 
24 
24.3366 
10.5197 
25 
25.3365 
11.1602 
26 
26.3363 
11.8076 
27 
27.3362 
12.4613 
28 
28.3361 
13.1211 
29 
29.3360 
13.7867 
30 
39.3353 
20.7065 
40 
49.3349 
27.9907 
50 
59.3347 
35.5345 
60 
69.3345 
43.2752 
70 
79.3343 
51.1719 
80 
89.3342 
59.1963 
90 
67.3276 
99.3341 
100 
152.2410  156.4320  162.7280  168.2786  174.8353  183.0028  189.0486  199.3337 
200 
240.6492  245.9637  253.9094  260.8784  269.0702  279.2172  286.6900  299.3338 
300 
330.8905  337.1477  346.4792  354.6413  364.2095  376.0243  384.7004  399.3337 
400 
500 
422.2924  429.3808  439.9338  449.1471  459.9280  473.2121  482.9479  499.3336 
1000  888.5557  898.9077  914.2556  927.5946  943.1339  962.1818  976.0748  999.3334 
df 

0.30 
0.1485 
0.7133 
1.4237 
2.1947 
2.9999 
3.8276 
4.6713 
5.5274 
6.3933 
7.2672 
8.1479 
9.0343 
9.9257 
10.8215 
11.7212 
12.6243 
13.5307 
14.4399 
15.3517 
16.2659 
17.1823 
18.1007 
19.0211 
19.9432 
20.8670 
21.7924 
22.7192 
23.6475 
24.5770 
25.5078 
34.8719 
44.3133 
53.8091 
63.3460 
72.9153 
82.5111 
92.1289 

0.20 
0.0642 
0.4463 
1.0052 
1.6488 
2.3425 
3.0701 
3.8223 
4.5936 
5.3801 
6.1791 
6.9887 
7.8073 
8.6339 
9.4673 
10.3070 
11.1521 
12.0023 
12.8570 
13.7158 
14.5784 
15.4446 
16.3140 
17.1865 
18.0618 
18.9398 
19.8202 
20.7030 
21.5880 
22.4751 
23.3641 
32.3450 
41.4492 
50.6406 
59.8978 
69.2069 
78.5584 
87.9453 

0.10 
0.0158 
0.2107 
0.5844 
1.0636 
1.6103 
2.2041 
2.8331 
3.4895 
4.1682 
4.8652 
5.5778 
6.3038 
7.0415 
7.7895 
8.5468 
9.3122 
10.0852 
10.8649 
11.6509 
12.4426 
13.2396 
14.0415 
14.8480 
15.6587 
16.4734 
17.2919 
18.1139 
18.9392 
19.7677 
20.5992 
29.0505 
37.6886 
46.4589 
55.3289 
64.2778 
73.2911 
82.3581 

0.05 
0.0039 
0.1026 
0.3518 
0.7107 
1.1455 
1.6354 
2.1674 
2.7326 
3.3251 
3.9403 
4.5748 
5.2260 
5.8919 
6.5706 
7.2609 
7.9617 
8.6718 
9.3905 
10.1170 
10.8508 
11.5913 
12.3380 
13.0905 
13.8484 
14.6114 
15.3792 
16.1514 
16.9279 
17.7084 
18.4927 
26.5093 
34.7643 
43.1880 
51.7393 
60.3915 
69.1260 
77.9295 

0.20 

0.30 

0.005 

0.01 

0.025 

0.05 

0.10 

0.50 

 

 

‐ 11 ‐
 

(25.10.2012)

Prof. Dr. T. Staufenbiel                             Universität Osnabrück                                  WS 2014/2015 

2‐Verteilung (Fs.) 

p 

0.85 
2.0723 
3.7942 
5.3171 
6.7449 
8.1152 
9.4461 
10.7479 
12.0271 
13.2880 
14.5339 
15.7671 
16.9893 
18.2020 
19.4062 
20.6030 
21.7931 
22.9770 
24.1555 
25.3289 
26.4976 
27.6620 
28.8225 
29.9792 
31.1325 
32.2825 
33.4295 
34.5736 
35.7150 
36.8538 
37.9903 
49.2439 
60.3460 
71.3411 
82.2554 
93.1058 

0.90 
2.7055 
4.6052 
6.2514 
7.7794 
9.2364 
10.6446 
12.0170 
13.3616 
14.6837 
15.9872 
17.2750 
18.5493 
19.8119 
21.0641 
22.3071 
23.5418 
24.7690 
25.9894 
27.2036 
28.4120 
29.6151 
30.8133 
32.0069 
33.1962 
34.3816 
35.5632 
36.7412 
37.9159 
39.0875 
40.2560 
51.8051 
63.1671 
74.3970 
85.5270 
96.5782 

 
0.995 
0.99 
0.95 
0.80 
0.70 
df 
7.8794 
6.6349 
3.8415 
1.6424 
1.0742 
1 
10.5966 
9.2103 
5.9915 
3.2189 
2.4080 
2 
12.8382 
11.3449 
7.8147 
4.6416 
3.6649 
3 
14.8603 
13.2767 
9.4877 
5.9886 
4.8784 
4 
16.7496 
15.0863 
11.0705 
7.2893 
6.0644 
5 
18.5476 
16.8119 
12.5916 
8.5581 
7.2311 
6 
20.2777 
18.4753 
14.0671 
9.8033 
8.3834 
7 
21.9550 
20.0902 
15.5073 
11.0301 
9.5245 
8 
23.5894 
21.6660 
16.9190 
12.2421 
10.6564 
9 
25.1882 
23.2093 
18.3070 
13.4420 
11.7807 
10 
26.7568 
24.7250 
19.6751 
14.6314 
12.8987 
11 
28.2995 
26.2170 
21.0261 
15.8120 
14.0111 
12 
29.8195 
27.6883 
22.3620 
16.9848 
15.1187 
13 
31.3194 
29.1412 
23.6848 
18.1508 
16.2221 
14 
32.8013 
30.5779 
24.9958 
19.3107 
17.3217 
15 
34.2672 
31.9999 
26.2962 
20.4651 
18.4179 
16 
35.7185 
33.4087 
27.5871 
21.6146 
19.5110 
17 
37.1565 
34.8053 
28.8693 
22.7595 
20.6014 
18 
38.5823 
36.1909 
30.1435 
23.9004 
21.6891 
19 
39.9968 
37.5662 
31.4104 
25.0375 
22.7745 
20 
41.4011 
38.9322 
32.6706 
26.1711 
23.8578 
21 
42.7957 
40.2894 
33.9244 
27.3015 
24.9390 
22 
44.1813 
41.6384 
35.1725 
28.4288 
26.0184 
23 
45.5585 
42.9798 
36.4150 
29.5533 
27.0960 
24 
46.9279 
44.3141 
37.6525 
30.6752 
28.1719 
25 
48.2899 
45.6417 
38.8851 
31.7946 
29.2463 
26 
49.6449 
46.9629 
40.1133 
32.9117 
30.3193 
27 
50.9934 
48.2782 
41.3371 
34.0266 
31.3909 
28 
52.3356 
49.5879 
42.5570 
35.1394 
32.4612 
29 
53.6720 
50.8922 
43.7730 
36.2502 
33.5302 
30 
66.7660 
63.6907 
55.7585 
47.2685 
44.1649 
40 
79.4900 
76.1539 
67.5048 
58.1638 
54.7228 
50 
88.3794 
91.9517 
79.0819 
68.9721 
65.2265 
60 
90.5312 
100.4252  104.2149 
79.7147 
75.6893 
70 
90.4053 
101.8795  106.6286  112.3288  116.3211 
86.1197 
80 
101.0537  103.9041  107.5650  113.1453  118.1359  124.1163  128.2989 
96.5238 
90 
106.9058  111.6667  114.6588  118.4980  124.3421  129.5612  135.8067  140.1695 
100 
209.9854  216.6088  220.7441  226.0210  233.9943  241.0579  249.4451  255.2642 
200 
312.3440  320.3942  325.4059  331.7856  341.3940  349.8764  359.9145  366.8584 
300 
414.3335  423.5870  429.3375  436.6465  447.6315  457.3073  468.7315  476.6185 
400 
500 
516.0858  526.3992  532.8004  540.9281  553.1260  563.8532  576.4991  585.2175 
1000  1022.9587  1037.4293  1046.3833 1057.7224 1074.6789 1089.5321  1106.9735  1118.9558
df 

0.975 
5.0239 
7.3778 
9.3484 
11.1433 
12.8325 
14.4494 
16.0128 
17.5345 
19.0228 
20.4832 
21.9200 
23.3367 
24.7356 
26.1189 
27.4884 
28.8454 
30.1910 
31.5264 
32.8523 
34.1696 
35.4789 
36.7807 
38.0756 
39.3641 
40.6465 
41.9232 
43.1945 
44.4608 
45.7223 
46.9792 
59.3417 
71.4202 
83.2977 
95.0232 

0.70 

0.95 

0.975 

0.99 

0.995 

0.80 

0.85 

0.90 

 

 

 

 

‐ 12 ‐
 

(25.10.2012)

Prof. Dr. T. Staufenbiel                             Universität Osnabrück                                  WS 2014/2015 

 
 
Studentisierte Range‐Verteilung
 
Die Tabelle enthält die kritischen q‐Werte der studentisierten Range‐Verteilung für eine ausge‐
wählte Zahl an Gruppen m (in den Spalten) in Abhängigkeit von den Freiheitsgraden df (in den 
Zeilen) für p = 0.95 und p = 0.90 (Quelle: Harter, 1960). 
 
 

p = .95 

4 

9.798 
6.825 
5.757 
5.218 
4.896 
4.681 
4.529 
4.415 
4.327 
4.256 
4.199 
4.151 
4.111 
4.076 
4.046 
4.020 
3.997 
3.977 
3.958 
3.901 
3.845 
3.791 
3.737 
3.711 
3.685 
3.633 

5 

10.88 
7.502 
6.287 
5.673 
5.305 
5.060 
4.886 
4.756 
4.654 
4.574 
4.508 
4.453 
4.407 
4.367 
4.333 
4.303 
4.277 
4.253 
4.232 
4.166 
4.102 
4.039 
3.977 
3.947 
3.917 
3.858 

3 

8.331 
5.910 
5.040 
4.602 
4.339 
4.165 
4.041 
3.949 
3.877 
3.820 
3.773 
3.735 
3.702 
3.674 
3.649 
3.628 
3.609 
3.593 
3.578 
3.532 
3.486 
3.442 
3.399 
3.377 
3.356 
3.314 

m = 2 
6.085 
4.501 
3.927 
3.635 
3.461 
3.344 
3.261 
3.199 
3.151 
3.113 
3.082 
3.055 
3.033 
3.014 
2.998 
2.984 
2.971 
2.960 
2.950 
2.919 
2.888 
2.858 
2.829 
2.814 
2.800 
2.772 

6 

11.74 
8.037 
6.707 
6.033 
5.628 
5.359 
5.167 
5.024 
4.912 
4.823 
4.751 
4.690 
4.639 
4.595 
4.557 
4.524 
4.495 
4.469 
4.445 
4.373 
4.302 
4.232 
4.163 
4.129 
4.096 
4.030 

p = .90 

4 

6.773 
5.199 
4.586 
4.264 
4.065 
3.931 
3.834 
3.761 
3.704 
3.658 
3.621 
3.589 
3.563 
3.540 
3.520 
3.503 
3.488 
3.474 
3.462 
3.423 
3.386 
3.349 
3.312 
3.294 
3.276 
3.240 

3 

5.733 
4.467 
3.976 
3.717 
3.559 
3.451 
3.374 
3.316 
3.270 
3.234 
3.204 
3.179 
3.158 
3.140 
3.124 
3.110 
3.098 
3.087 
3.078 
3.047 
3.017 
2.988 
2.959 
2.945 
2.930 
2.902 

5 

7.538 
5.738 
5.035 
4.664 
4.435 
4.280 
4.169 
4.084 
4.018 
3.965 
3.922 
3.885 
3.854 
3.828 
3.804 
3.784 
3.767 
3.751 
3.736 
3.692 
3.648 
3.605 
3.562 
3.541 
3.520 
3.478 

m = 2 
4.130 
3.328 
3.015 
2.850 
2.748 
2.680 
2.630 
2.592 
2.563 
2.540 
2.521 
2.505 
2.491 
2.479 
2.469 
2.460 
2.452 
2.445 
2.439 
2.420 
2.400 
2.381 
2.363 
2.353 
2.344 
2.326 

6 

8.139 
6.162 
5.388 
4.979 
4.726 
4.555 
4.431 
4.337 
4.264 
4.205 
4.156 
4.116 
4.081 
4.052 
4.026 
4.004 
3.984 
3.966 
3.950 
3.900 
3.851 
3.803 
3.755 
3.731 
3.707 
3.661 

 
df 
2 
3 
4 
5 
6 
7 
8 
9 
10 
11 
12 
13 
14 
15 
16 
17 
18 
19 
20 
24 
30 
40 
60 
80 
120 
 

 

 

‐ 13 ‐
 

(25.10.2012)

 

 
 

Prof. Dr. T. Staufenbiel                             Universität Osnabrück                                  WS 2014/2015 

Kritische U‐Werte für Mann‐Whitney U‐Test  

(= 0.05, zweiseitige Testung) 

 
n1 
2 
3 
4 
5 
6 
7 
8 
9 
10 
11 
12 
13 
14 
15 
16 
17 
18 
19 
20 

2 
 
 
 
 
 
 
0 
0 
0 
0 
1 
1 
1 
1 
1 
2 
2 
2 
2 

n2 

0 
3 
6 
9 

1 
4 
8 

1 
5 
9 

4 
 
 
0 
1 
2 
3 
4 
4 
5 
6 
7 
8 
9 

20 
19 
18 
10  11  12  13  14  15  16 
9 
8 
7 
6 
5 
3 
2 
2 
2 
1 
0 
1 
1 
0 
0 
 
 
 
 
8 
7 
7 
5 
3 
6 
4 
2 
2 
1 
1 
0 
 
14 
13 
12 
5 
10  11 
7 
4 
4 
3 
2 
1 
 
20 
19 
18 
7 
11  12  13  14  15 
8 
6 
5 
3 
2 
0 
27 
25 
24 
8 
10  11  13  14  16  17  19  21 
6 
5 
3 
1 
34 
32 
30 
8 
10  12  14  16  18  20  22  24  26 
6 
5 
1 
41 
38 
36 
10  13  15  17  19  22  24  26  29  31 
8 
6 
2 
48 
45 
42 
10  12  15  17  20  23  26  28  31  34  37 
7 
2 
55 
52 
48 
11  14  17  20  23  26  29  33  36  39  42 
8 
3 
62 
58 
55 
9 
13  16  19  23  26  30  33  37  40  44  47 
3 
69 
65 
61 
11  14  18  22  26  29  33  37  41  45  49  53 
4 
76 
72 
67 
12  16  20  24  28  33  37  41  45  50  54  59 
4 
83 
78 
74 
5 
13  17  22  26  31  36  40  45  50  55  59  64 
90 
85 
80 
5  10  14  19  24  29  34  39  44  49  54  59  64  70 
98 
92 
86 
6  11  15  21  26  31  37  42  47  53  59  64  70  75 
99 
93 
6  11  17  22  28  34  39  45  51  57  63  69  75  81 
105 
99 
7  12  18  24  30  36  42  48  55  61  67  74  80  86 
106  112 
7  13  19  25  32  38  45  52  58  65  72  78  85  92 
106  113  119 
8  14  20  27  34  41  48  55  62  69  76  83  90  98  105  112  119  127 

17 
2 
6 
11 
17 
22 
28 
34 
39 
45 
51 
57 
63 
69 
75 
81 
87 
93 
99 

Kritische W‐Werte für Wilcoxon Vorzeichen Rangtests 

einseitig: 
zweiseitig: 

0.05 
0.10 

0.025 
0.05 

0.01 
0.02 

0.005  0.0005 
0.01 
0.001 

n 
5 
6 
7 
8 
9 
10 
11 
12 
13 
14 
15 
16 
17 
18 
19 
20 
21 
22 
23 
24 
25 

 
0 
2 
3 
5 
8 
10 
13 
17 
21 
25 
30 
35 
41 
47 
53 
60 
67 
75 
83 
91 
100 

 
 
0 
2 
3 
5 
8 
10 
13 
17 
21 
25 
29 
34 
40 
46 
52 
58 
65 
73 
81 
89 

 
 
 
0 
1 
3 
5 
7 
9 
12 
15 
19 
23 
27 
32 
37 
43 
49 
55 
62 
69 
76 

 
 
 
 
0 
1 
3 
5 
7 
9 
12 
15 
19 
23 
27 
32 
37 
42 
48 
54 
61 
68 

 
 
 
 
 
 
 
0 
1 
2 
4 
6 
8 
11 
14 
18 
21 
25 
30 
35 
40 
45 

 

‐ 14 ‐
 

(25.10.2012)

