Vorläufige Ergebnisse zur Klausur 1001014 "Molekulare Genetik" 
vom 10.11.2014
Endgültig bindend sind die in Opium eingetragenen Ergebnisse.
Prüfer:   Schmitz, Hans‐Peter

Matr.-Nr.

Punkte

Matr.-Nr.

Punkte

Matr.-Nr.

Punkte

944262
951867
951957
955746
955757
956569
958249
958250
958261
958262
958328
958347
958348
958402
958410
958454
958509
958586
958587
958589
958599
958791
958792
958797
958915
958916
958917
959097
959098
959183
959192
959194
959198
959234
959235
959236
959273
959655
959656
959657
959658
959660
959661

9,0
8,2
7,2
10,8
6,6
1,6
8,6
6,6
9,6
12,0 
9,6
10,4
7,6
7,0
10,2
9,8
11,4
8,4
5,0
10,0
7,0
7,0
11,0
4,8
7,8
9,0
9,6
9,2
1,6
9,2
9,0
6,2
9,6
8,2
11,0
4,0
10,4
9,6
9,2
5,4
7,4
10,4
7,4

959662
959663
959668
959716
959723
959727
959922
959923
959924
959926
959927
959928
959996
959998
960000
960001
960003
960004
960014
960209
960213
960218
960222
960287
960625
960626
960627
960634
960636
960638
960639
960640
960656
960658
960660
960662
960663
960664
960665
960870
960871
960872
960874

960876
960879
960880
960942
960943
961031
961131
961133
961134
962138
962221

7,0
6,4
10,6
8,6
6,8
5,0
10,2
5,8
9,8
11,2
12,0 

Die Ergebnisse sind nach
Matrikelnummern auf‐
steigend sortiert.

Min. Punkte 0,0
1,0
2,0
3,0
4,0
5,0
6,0
7,0
8,0
9,0
10,0
11,0
Max. Punkte 12,0

Punkte Ø: 8,5

10,6
8,8
10,2
11,4
10,0
8,4
8,8
8,8
9,0
8,6
9,0
9,8
7,2
3,2
8,0
8,6
10,0
8,6
10,4
8,2
7,4
9,4
6,8
8,2
10,8
6,8
8,8
11,2
5,4
8,0
7,0
8,8
7,6
11,6
6,6
7,0
8,4
7,6
11,2
9,4
11,2
12,0 
8,2

