28 Taxes on general consumption (5110) as percentage of total taxation

 

 

1965

1975

1985

1990

Australia
Austria  (1)
Belgium
Canada
Chile
Czech Republic
Denmark  (1)
Estonia
Finland
France  (1)
Germany  (2)
Greece  (1)
Hungary
Iceland
Ireland
Israel
Italy
Japan
Korea
Luxembourg
Mexico
Netherlands
New Zealand
Norway
Poland
Portugal
Slovak Republic
Slovenia
Spain  (1)
Sweden
Switzerland
Turkey
United Kingdom
United States
Unweighted average

7,4
18,7
21,1
17,8
..
..
10,1
..
18,5
23,3
16,5
10,3
..
16,7
5,7
..
12,9
0,0
..
12,4
..
12,4
7,7
21,5
..
0,0
..
..
22,2
10,4
10,6
0,0
5,9
4,8

    

6,7
19,8
16,3
12,5
..
..
17,3
..
15,6
23,4
14,6
18,3
..
28,6
14,7
..
14,3
0,0
12,7
12,1
..
14,4
9,0
20,5
..
11,2
..
..
15,3
12,0
8,7
0,0
8,9
7,0

7,9
21,0
15,8
13,2
..
..
20,2
..
18,3
20,0
15,8
17,2
..
33,0
20,6
..
14,5
0,0
21,1
12,8
15,9
16,2
10,4
18,2
..
12,6
..
..
14,7
14,0
10,7
23,3
15,9
7,9

8,0
20,8
16,6
14,1
37,4
..
20,5
..
19,3
18,8
16,6
26,5
..
32,3
20,6
..
14,7
4,4
18,7
13,9
20,8
16,5
22,4
18,8
..
19,6
..
..
16,0
14,9
11,7
20,1
16,9
8,0

OECD-Total

18,1
The total tax revenue has been reduced by the amount of any capital transfer that represen
From 1991 the figures relate to the united Germany.

15,8

11,9

13,4

 
 
 
 
 
 
 
 
 
 
 
 
 
 
 
 
 
 
 
 
 
 
 
 
 
 
 
 
 
 
 
 
 
 
 
 
1 
2 

Quelle: OECD 2013 1995

2000

2007

2008

2009

2010

8,7
18,6
15,4
14,0
40,6
16,6
19,3
26,5
17,4
17,6
17,4
23,0
19,4
31,7
21,2
30,1
13,8
5,4
17,8
14,0
16,9
15,6
22,8
21,2
17,1
23,6
20,8
29,5
15,9
19,4
12,1
31,1
19,0
8,0

      

12,0
18,8
16,3
14,2
41,8
18,3
19,3
27,3
17,4
17,1
18,4
21,8
26,1
28,5
22,1
26,6
15,4
9,1
17,0
14,3
18,7
17,4
24,9
19,8
21,2
24,8
20,4
23,7
17,7
17,0
13,1
24,2
18,1
7,6

13,0
18,3
16,4
13,9
32,9
17,7
21,2
28,2
19,5
17,1
19,4
23,8
26,0
25,9
24,1
27,1
14,3
8,8
15,8
16,1
20,4
19,4
23,5
19,1
23,5
26,1
22,9
22,4
15,8
19,3
13,0
21,3
18,2
7,8

12,9
18,2
16,0
13,2
39,4
19,3
21,0
24,9
19,5
16,9
19,5
24,2
25,6
24,7
24,3
28,5
13,8
8,9
16,1
16,7
18,0
18,5
25,4
17,2
22,9
25,8
23,5
22,9
15,1
20,3
12,7
20,3
17,8
8,1

14,3
19,0
16,2
13,4
42,5
20,4
21,2
24,8
20,2
16,8
20,1
22,3
28,0
23,7
22,9
29,9
13,2
9,6
17,3
16,9
19,7
18,3
27,6
18,7
22,9
23,2
23,1
22,4
13,0
21,0
12,3
20,0
16,7
8,4

13,8
18,9
16,4
14,0
38,7
20,4
20,7
25,8
20,1
16,8
20,1
24,3
29,3
22,7
22,9
30,3
14,6
9,6
17,6
16,6
20,5
18,7
30,7
18,6
24,0
25,0
22,5
22,3
16,7
21,6
12,7
22,1
18,8
8,1

20,5
ts uncollected taxes. The capital transfer has been allocated between tax headings in proportion to 

19,5

19,7

19,8

19,8

20,0

Quelle: OECD 2013 