matnr presentation

Putnam

Lewis

C/C

Searle

Kripke

J/L

Dennett Churchland

Parfit

Strawson

Ayer

963749
964660
964662
964396
964413
963349
963679
962763
963688
963176
963494
964378
964982
962556
963175
963740
962867
965212
964821
963680
963321
963687
967236
964629
962804
963930
945747
965383
963678
964379
963701

2,3
2
1,7
2
3,7
3

*2,7*

2,7
2,7
3,3
1,3
2,3
4
2,7
3
2,7
2
2
2,3
2,7
2,3
2,3
1,7

*2,3*

2
2,3

1,3
2
2
2,3
1,7
2
1,7
2,3
2,3
2
1,3
2
2
2,3
2,3
1,3
1,7
2
1,3
1
2
2,3
1,3
0,7
1,3
2
2
2,3
1,3
1,3
1,3

*3*
2,7
2,7
*4*

1,7
1,7
2,7
2,3
*4*
1,3
2,7
3
2

2,7
1,3
2,3
3,7
2
3,3
2,3

1,7
3

2,7
2,7
2,3
*2,7*
1,7

1,3

*3,3*

3,7
2,3

*3*

2
2,3
2,3
3,3

2

2

*2,3*

*2*

2,3
2,7
2,3

1,7
1,3

2

2
2

*2,3*

1
2,7
1,7
2,3

2,7
1,7
2

3
1,7

2
3,3

1,3

3
2,3
1,3
2,7
2

2,3

2,7

*4*

2,3

*2*

1,7

1,3

*2,7*

2

*4*
3,3
3
2,7

*2,7*

2,7
3
1,3
2,7
3,7

3,3

2
2,3

2,7
2,7
2,3
1,3
1,3
3
1,7
4
2,7
2
1,7
3

2
2
2,3
2,7

2,3

*2,7*
*4*
*4*

1,3
2
3,7

3,7
2

*2,7*

2,3
2,7
2,3

1,3

2,7

3

2

2

3,3
2,3
2
3,3
3,3

1,3

3
3,3
1,7

2,5
2,7
2

1,3

2,3
2,7
2
2,7
2,7

1,7
3,3
3

1,7
1,7
3
2,7

3

2,7

2,7
1
1,3
2,7

*2,7*

4

2
1,5

*2,3*

3
1,7
1,3
1,7

1,3

2
2,7

3

2,7
3,3

2

3

1

2,5

1
1,3

1,725
2,175
2,125
2,4875
2,8875
2,2875
1,8125
2,75
2,7
2,625
1,35
2,2125
3,0125
2,5
3,025
1,8875
1,6875
2,2625
2,45
2,05
2,4125
2,3125
1,275
1,1875
2,375
1,9
2,5375
2,6125
1,9125
1,3875
1,9125

1,7
2,7
3
3

1,5

1,5

1,5
2

964382
961854
963174
964185
964988
965591
963496
966334
965948
963078
965125
963177
965997
953393
963495
964606

2
2,3
1
2,3
2
2,3
1,3
2,3
3,7
4
1,7
2
1,3
1,3
1,7
2

3,7
3
2,7
4
3
1,7
2
3

2

5

2
2,3

3
1,7
2,3
3,3
3
2
2,7
3,3

3,3

3,7

1,3

3

3

2,3

1

2,3
2,7

5
3,3

3
2,7
3,7
2,7
3

*2,3*

4
5

2
3,3

2
2,7
3,7

2,7
2,7

3,3
3

5

2
2,7
2
3,3

4

1,7
3,3
3,3
2,3
2

4
4
1,3
1,3
2,3

2
2,7

3
3
2

2,7
3,3
1,3
3,3
5
5
1,3
1,7
3,3
2,3

2,7

3,7
1,3
3

3
1
3

4

2,3
2,5
2,3
2,7

3,175
2,9125
1,8
3,025
2,625
2,6125
1,45
2,8375
3,8875
4
1,6625
2,1625
2,4
1,9875
2,55
2,7625

2,5
2,7
3

1,5
1,7
3

