Matr
950860
952292
946299
950484
955681

959157
959141
956192

1

951698
953129
954558
956657
945622
946282
951445
950815

950775

952427
956498
951768
956509
951766
957808
950455
962150
496573
954294
955353
952289
956445
956752
954291
951986
952457

Set	  1

2
1,3
1,7
2,3
2,3
1,3
2
2
1,7
1
1,3
1,7
1,7
1,7
3
2
1,7
1,7
2
2,3
1,7
1,7
2
1,3
2,3
1,7
2,3
2
5
6
2,3
1,7
2
3
2,3
1,7
1,3
1,3

Set	  2
1,3
2
1,7
1
2
1,3
1
2
2
1,7
1
1,3
1,3
1,7
3
1,7
1,3
1,3
1,3
2
1
1,7
1
1,3
2
1,7
1,7
1,3
3,3
2,3
1,7
1
1
2
1,7
1
1,7
1,7

2,06052632 1,60526316

