                        10-FOLD-CROSSVALIDATION
                        

                         results - trainigset:
                         
+----------+-------+-----------+--------+--------+------+-------+-------+
| accuracy |   f1  | precision | recall |   tp   |  tn  |   fp  |   fn  |
+----------+-------+-----------+--------+--------+------+-------+-------+
|  97.868  | 0.959 |   0.968   | 0.950  |  2470  |  28  |   44  |  835  |
|  97.779  | 0.957 |   0.965   | 0.949  |  2468  |  30  |   45  |  834  |
|  98.016  | 0.962 |   0.971   | 0.952  |  2473  |  25  |   42  |  837  |
|  97.957  | 0.960 |   0.972   | 0.949  |  2474  |  24  |   45  |  834  |
|  97.838  | 0.958 |   0.965   | 0.951  |  2468  |  30  |   43  |  836  |
|  97.898  | 0.959 |   0.967   | 0.952  |  2469  |  29  |   42  |  837  |
|  97.898  | 0.959 |   0.965   | 0.953  |  2469  |  30  |   41  |  838  |
|  97.810  | 0.958 |   0.966   | 0.949  |  2470  |  29  |   45  |  835  |
|  97.958  | 0.961 |   0.967   | 0.955  |  2470  |  29  |   40  |  840  |
|  98.017  | 0.962 |   0.968   | 0.956  |  2471  |  28  |   39  |  841  |
|          |       |           |        |        |      |       |       |
|  97.904  | 0.959 |   0.967   | 0.952  | 2470.2 | 28.2 |  42.6 | 836.7 |
|  0.078   | 0.002 |   0.002   | 0.002  | 1.887  | 1.99 | 2.059 | 2.283 |
+----------+-------+-----------+--------+--------+------+-------+-------+

                         results -testingset:
                          
+----------+-------+-----------+--------+-------+------+-------+-------+
| accuracy |   f1  | precision | recall |   tp  |  tn  |   fp  |   fn  |
+----------+-------+-----------+--------+-------+------+-------+-------+
|  98.138  | 0.964 |   0.969   | 0.959  |  275  |  3   |   4   |   94  |
|  97.872  | 0.958 |   0.989   | 0.929  |  277  |  1   |   7   |   91  |
|  97.340  | 0.950 |   0.931   | 0.969  |  271  |  7   |   3   |   95  |
|  97.606  | 0.954 |   0.959   | 0.949  |  274  |  4   |   5   |   93  |
|  98.404  | 0.969 |   0.989   | 0.949  |  277  |  1   |   5   |   93  |
|  97.606  | 0.954 |   0.949   | 0.959  |  273  |  5   |   4   |   94  |
|  98.400  | 0.969 |   0.979   | 0.959  |  275  |  2   |   4   |   94  |
|  98.663  | 0.974 |   0.979   | 0.969  |  275  |  2   |   3   |   94  |
|  97.059  | 0.944 |   0.939   | 0.948  |  271  |  6   |   5   |   92  |
|  96.791  | 0.936 |   0.967   | 0.907  |  274  |  3   |   9   |   88  |
|          |       |           |        |       |      |       |       |
|  97.788  | 0.957 |   0.965   |  0.95  | 274.2 | 3.4  |  4.9  |  92.8 |
|  0.587   | 0.011 |   0.019   | 0.018  |  1.99 | 1.96 | 1.758 | 1.939 |
+----------+-------+-----------+--------+-------+------+-------+-------+

                                                                          false-negatives-details
                                                                          

1:tb_score            	2:pos_bow_txt         	3:page_size_ratio     	4:pages               	
5:meta_info_author    	6:meta_info_creator   	7:meta_info_producer  	8:encrypted           	
9:orientation         	10:title               	11:author              	12:filename            	
13:folder_name         	14:folder_description  	15:description         	16:neg_bow_txt         	
17:resolution          	

trainingset:
+----------------------------------+-------+-------+-------+-------+-------+-------+-------+-------+-------+-------+-------+-------+-------+-------+-------+-------+-------+
|                0                 |   1   |   2   |   3   |   4   |   5   |   6   |   7   |   8   |   9   |   10  |   11  |   12  |   13  |   14  |   15  |   16  |   17  |
+----------------------------------+-------+-------+-------+-------+-------+-------+-------+-------+-------+-------+-------+-------+-------+-------+-------+-------+-------+
| a1854456100d793d004064ef8ddbfef6 | 0.000 | 0.000 | 0.007 | 0.001 | 1.000 | 0.000 | 1.000 | 0.000 | 1.000 | 0.272 | 1.000 | 0.299 | 0.205 | 0.289 | 0.256 | 0.000 | 0.091 |
| b2c277fef3fb8135223acaa5242d23f8 | 0.000 | 0.000 | 0.007 | 0.001 | 1.000 | 0.000 | 1.000 | 0.000 | 1.000 | 0.272 | 1.000 | 0.299 | 0.205 | 0.289 | 0.256 | 0.000 | 0.091 |
| cf252a328aef73ade30c56ee55e350d5 | 0.000 | 0.000 | 0.002 | 0.000 | 1.000 | 1.000 | 0.000 | 0.000 | 1.000 | 0.272 | 0.100 | 0.299 | 0.232 | 0.234 | 0.256 | 0.000 | 0.107 |
| 7362de318aa5142efdaf009593e827e8 | 0.000 | 0.000 | 0.018 | 0.003 | 1.000 | 1.000 | 1.000 | 0.000 | 0.000 | 0.270 | 1.000 | 0.329 | 0.205 | 0.255 | 0.256 | 0.000 | 0.213 |
| 7dcf040b38f0fe25121cc52579d2edcc | 0.127 | 0.000 | 0.007 | 0.000 | 1.000 | 0.000 | 1.000 | 0.000 | 1.000 | 0.272 | 1.000 | 0.299 | 0.205 | 0.289 | 0.256 | 0.000 | 0.139 |
| 8c659a3cade655e50d32e42259f38f73 | 0.006 | 0.020 | 0.010 | 0.028 | 1.000 | 0.000 | 1.000 | 0.000 | 1.000 | 0.272 | 0.200 | 0.299 | 0.232 | 0.234 | 0.256 | 0.017 | 0.159 |
| 51296e5de3d1ff237105a04735d91e81 | 0.000 | 0.000 | 0.103 | 0.002 | 1.000 | 1.000 | 0.000 | 0.000 | 1.000 | 0.272 | 0.100 | 0.392 | 0.205 | 0.289 | 0.256 | 0.000 | 0.155 |
| bcdf8821de8956dd126a271006daec69 | 0.000 | 0.000 | 0.005 | 0.000 | 0.000 | 0.000 | 1.000 | 0.000 | 1.000 | 0.272 | 0.700 | 0.299 | 0.191 | 0.289 | 0.256 | 0.000 | 0.155 |
| 5f337ebc6d0cca1071eba67b9ea17572 | 0.064 | 0.001 | 0.004 | 0.002 | 0.000 | 0.000 | 0.000 | 0.000 | 1.000 | 0.272 | 1.000 | 0.299 | 0.408 | 0.456 | 0.256 | 0.001 | 0.155 |
| 55a52645568e7eafd7f9fef2d116df26 | 0.012 | 0.009 | 0.030 | 0.011 | 1.000 | 0.000 | 0.000 | 0.000 | 1.000 | 0.272 | 0.200 | 0.299 | 0.191 | 0.255 | 0.256 | 0.007 | 0.113 |
| d1bbc7b2f2bbbc2bc35870a80878849f | 0.000 | 0.000 | 0.081 | 0.002 | 1.000 | 1.000 | 1.000 | 0.000 | 0.000 | 0.270 | 0.400 | 0.329 | 0.232 | 0.234 | 0.256 | 0.000 | 0.219 |
| aa4025eb1c186149683e267f78679a7b | 0.000 | 0.000 | 0.008 | 0.000 | 1.000 | 0.000 | 1.000 | 0.000 | 1.000 | 0.272 | 0.200 | 0.299 | 0.232 | 0.234 | 0.660 | 0.000 | 0.155 |
| f63723b6fd07eac46d00e4feeb1dfc11 | 0.190 | 0.000 | 0.309 | 0.003 | 1.000 | 0.000 | 0.000 | 0.000 | 0.000 | 0.272 | 0.200 | 0.299 | 0.232 | 0.234 | 0.256 | 0.000 | 0.219 |
| aafea01de80f840e331ae15e4255672c | 0.023 | 0.004 | 0.003 | 0.007 | 0.000 | 1.000 | 1.000 | 0.000 | 1.000 | 0.272 | 0.100 | 0.299 | 0.191 | 0.255 | 0.256 | 0.001 | 0.155 |
| 116eee145a0276280e82e0081bc39130 | 0.325 | 0.000 | 0.002 | 0.000 | 1.000 | 1.000 | 1.000 | 0.000 | 1.000 | 0.272 | 0.200 | 0.299 | 0.232 | 0.234 | 0.256 | 0.000 | 0.159 |
| bff220e1e5a145edf32fbb2a25e28b60 | 0.000 | 0.000 | 0.036 | 0.005 | 1.000 | 1.000 | 0.000 | 0.000 | 1.000 | 0.272 | 0.400 | 0.299 | 0.205 | 0.289 | 0.256 | 0.000 | 0.150 |
| b0289a4dc13b708df009f2ffba30fe8a | 0.000 | 0.000 | 0.290 | 0.008 | 1.000 | 1.000 | 0.000 | 0.000 | 1.000 | 0.272 | 0.300 | 0.299 | 0.232 | 0.234 | 0.256 | 0.000 | 0.134 |
| aca79a9f276e41c09de0498028d6fc7a | 0.576 | 0.000 | 0.009 | 0.000 | 1.000 | 0.000 | 0.000 | 0.000 | 1.000 | 0.181 | 0.400 | 0.148 | 0.205 | 0.289 | 0.256 | 0.000 | 0.155 |
| 82e4e58e7fdb6ab535896277a8ddaec6 | 0.000 | 0.000 | 0.053 | 0.005 | 1.000 | 1.000 | 0.000 | 0.000 | 1.000 | 0.272 | 0.600 | 0.299 | 0.205 | 0.289 | 0.256 | 0.000 | 0.155 |
| e9f522d01e7c70ee6f319e036e52ec3d | 0.302 | 0.000 | 0.009 | 0.000 | 0.000 | 0.000 | 0.000 | 0.000 | 0.000 | 0.272 | 0.300 | 0.299 | 0.436 | 0.728 | 0.256 | 0.000 | 0.310 |
| ad3b3d728c8e579ef31efe61b9739c8a | 0.009 | 0.010 | 0.073 | 0.026 | 0.000 | 0.000 | 0.000 | 0.000 | 1.000 | 0.453 | 0.100 | 0.339 | 0.232 | 0.234 | 0.256 | 0.003 | 0.155 |
| 83807dd60d24fda72e3ef8d53422873f | 0.084 | 0.001 | 0.007 | 0.001 | 1.000 | 1.000 | 1.000 | 0.000 | 1.000 | 0.272 | 0.100 | 0.299 | 0.191 | 0.255 | 0.256 | 0.000 | 0.155 |
| d4e1b70e6a872dbf2a71cbf5ae0f3211 | 0.000 | 0.000 | 0.020 | 0.003 | 0.000 | 0.000 | 1.000 | 0.000 | 1.000 | 0.272 | 1.000 | 0.299 | 0.205 | 0.289 | 0.256 | 0.000 | 0.155 |
| b37ce79bf563844426c7452c38564acc | 0.282 | 0.000 | 0.010 | 0.000 | 0.000 | 0.000 | 0.000 | 0.000 | 1.000 | 0.272 | 0.700 | 0.299 | 0.228 | 0.255 | 0.256 | 0.000 | 0.155 |
| dfae946e4721c3470994c90bd5bd393e | 0.016 | 0.008 | 0.033 | 0.004 | 1.000 | 1.000 | 0.000 | 0.000 | 1.000 | 0.272 | 0.500 | 0.299 | 0.232 | 0.234 | 0.256 | 0.006 | 0.157 |
| c37bda9a519612b55bb51516f0c3a2bc | 0.000 | 0.000 | 0.024 | 0.002 | 0.000 | 1.000 | 1.000 | 0.000 | 1.000 | 0.272 | 0.600 | 0.299 | 0.232 | 0.234 | 0.256 | 0.000 | 0.154 |
| 99af3f65a3c60f734317af00246a6937 | 0.019 | 0.005 | 0.007 | 0.007 | 0.000 | 0.000 | 0.000 | 0.000 | 1.000 | 0.272 | 0.800 | 0.299 | 0.453 | 0.456 | 0.256 | 0.005 | 0.112 |
| 2c376f86bcef8ab4b5cc50a2ea09f1d6 | 0.190 | 0.000 | 0.088 | 0.014 | 1.000 | 1.000 | 1.000 | 0.000 | 0.000 | 0.272 | 0.300 | 0.299 | 0.232 | 0.234 | 0.256 | 0.000 | 0.236 |
| ecd6fdc5a6653c95afdd64ec9e93c261 | 0.051 | 0.001 | 0.064 | 0.006 | 1.000 | 0.000 | 1.000 | 0.000 | 1.000 | 0.272 | 0.100 | 0.299 | 0.191 | 0.255 | 0.256 | 0.000 | 0.155 |
| c4f79c7d792e71fa3e0cb3fef3e45f51 | 0.190 | 0.000 | 0.033 | 0.007 | 1.000 | 1.000 | 1.000 | 1.000 | 0.746 | 0.272 | 0.400 | 0.299 | 0.191 | 0.255 | 0.256 | 0.000 | 0.000 |
| d72019635fcb518e1a55d0e483a66720 | 0.008 | 0.017 | 0.024 | 0.019 | 0.000 | 0.000 | 0.000 | 0.000 | 1.000 | 0.275 | 0.100 | 0.154 | 0.191 | 0.255 | 0.256 | 0.004 | 0.155 |
| 9d2f8c7632943be38e5560f84e6f2b47 | 0.000 | 0.000 | 0.206 | 0.000 | 0.000 | 0.000 | 0.000 | 0.000 | 1.000 | 0.272 | 0.100 | 0.299 | 0.232 | 0.234 | 0.256 | 0.000 | 0.151 |
| edb0eb6ddc78c447bd8c180647e90f06 | 0.023 | 0.005 | 0.010 | 0.003 | 0.000 | 1.000 | 1.000 | 0.000 | 1.000 | 0.272 | 0.200 | 0.299 | 0.205 | 0.289 | 0.256 | 0.001 | 0.155 |
| 9b2138371fb668f474e83b3fc299a00d | 0.000 | 0.000 | 0.107 | 0.000 | 0.000 | 0.000 | 0.000 | 0.000 | 1.000 | 0.272 | 0.100 | 0.299 | 0.232 | 0.234 | 0.256 | 0.000 | 0.155 |
| e5b0ee8a5519969ec70f5722a90a8019 | 0.000 | 0.000 | 0.024 | 0.001 | 1.000 | 1.000 | 0.000 | 0.000 | 1.000 | 0.272 | 0.800 | 0.299 | 0.232 | 0.234 | 0.256 | 0.000 | 0.155 |
| 6ebc8ee8fd87580ad497e0702cd490f5 | 0.556 | 0.000 | 0.029 | 0.001 | 0.000 | 0.000 | 0.000 | 0.000 | 1.000 | 0.698 | 0.100 | 0.299 | 0.232 | 0.234 | 0.256 | 0.000 | 0.155 |
| 719842bc97e0cfa52328422aa8f25a98 | 0.051 | 0.002 | 0.005 | 0.002 | 0.000 | 0.000 | 0.000 | 0.000 | 1.000 | 0.270 | 0.200 | 0.329 | 0.232 | 0.234 | 0.256 | 0.000 | 0.155 |
| 5c56d6e30c8894211ac7e07bd7fecbb2 | 0.006 | 0.016 | 0.012 | 0.017 | 1.000 | 0.000 | 1.000 | 0.000 | 1.000 | 0.272 | 0.100 | 0.299 | 0.232 | 0.234 | 0.256 | 0.004 | 0.124 |
| 19518b3d8c1b0184fdb2e6f442788602 | 0.190 | 0.000 | 0.048 | 0.007 | 1.000 | 1.000 | 1.000 | 0.000 | 0.000 | 0.272 | 0.300 | 0.299 | 0.232 | 0.234 | 0.256 | 0.000 | 0.234 |
| 5c52e2433813f16b46264f07fed83783 | 0.324 | 0.000 | 0.001 | 0.000 | 1.000 | 0.000 | 0.000 | 0.000 | 1.000 | 0.272 | 0.800 | 0.299 | 0.205 | 0.289 | 0.256 | 0.000 | 0.155 |
| 1102816909e4050340e4269631e3a57e | 0.262 | 0.005 | 0.220 | 0.009 | 0.000 | 1.000 | 1.000 | 0.000 | 1.000 | 0.502 | 0.100 | 0.147 | 0.232 | 0.234 | 0.256 | 0.000 | 0.155 |
| b27e32917608e20b4f6f29a8b74a8f20 | 0.000 | 0.000 | 0.049 | 0.001 | 1.000 | 0.000 | 0.000 | 0.000 | 0.000 | 0.272 | 0.800 | 0.299 | 0.205 | 0.289 | 0.256 | 0.000 | 0.219 |
| 108154ed39bf509525fde8c1d3cbb339 | 0.190 | 0.000 | 0.136 | 0.020 | 1.000 | 1.000 | 0.000 | 0.000 | 0.000 | 0.270 | 0.100 | 0.329 | 0.191 | 0.255 | 0.256 | 0.000 | 0.219 |
| 2e1371cfcd980e966336f9b8e5c868e4 | 0.379 | 0.000 | 0.002 | 0.000 | 0.000 | 0.000 | 0.000 | 0.000 | 1.000 | 0.272 | 0.500 | 0.299 | 0.587 | 0.255 | 0.256 | 0.000 | 0.155 |
| 801f3c29eef1891298a2d041692dfc39 | 0.000 | 0.000 | 0.081 | 0.002 | 1.000 | 1.000 | 0.000 | 0.000 | 1.000 | 0.272 | 0.100 | 0.299 | 0.205 | 0.289 | 0.256 | 0.000 | 0.155 |
| c8fff83568284351d87a8258d6cb5ca3 | 0.400 | 0.000 | 0.002 | 0.000 | 0.000 | 0.000 | 0.000 | 0.000 | 1.000 | 0.500 | 0.100 | 0.299 | 0.232 | 0.234 | 0.256 | 0.000 | 0.155 |
| b4b718311fd6a0f00a7716a53192b57a | 0.214 | 0.000 | 0.000 | 0.000 | 0.000 | 1.000 | 1.000 | 0.000 | 1.000 | 0.272 | 0.200 | 0.299 | 0.191 | 0.255 | 0.256 | 0.000 | 0.159 |
| fc8278775cf12fdf84e88493f8efc645 | 0.114 | 0.001 | 0.026 | 0.016 | 0.000 | 0.000 | 0.000 | 0.000 | 0.000 | 0.272 | 0.200 | 0.299 | 0.205 | 0.289 | 0.256 | 0.000 | 0.188 |
| a91e0e97c67e7f80d9c0bcc9bda3643e | 0.087 | 0.000 | 0.006 | 0.004 | 0.000 | 0.000 | 1.000 | 0.000 | 1.000 | 0.272 | 0.100 | 0.431 | 0.232 | 0.234 | 0.256 | 0.000 | 0.155 |
| 89adebbc573d1ef5bc135564a358715b | 0.033 | 0.013 | 0.322 | 0.006 | 1.000 | 0.000 | 0.000 | 0.000 | 0.000 | 0.272 | 1.000 | 0.299 | 0.417 | 0.289 | 0.256 | 0.004 | 0.219 |
| 37e1f7f3dd90d7a64d0668379b09ad2c | 0.000 | 0.000 | 0.067 | 0.003 | 1.000 | 0.000 | 0.000 | 0.000 | 0.000 | 0.272 | 0.800 | 0.299 | 0.205 | 0.289 | 0.256 | 0.000 | 0.219 |
| 8e137f860ffc5bddf5e180b7c4bf02a1 | 0.000 | 0.000 | 0.312 | 0.013 | 1.000 | 1.000 | 1.000 | 0.000 | 0.000 | 0.272 | 0.100 | 0.299 | 0.232 | 0.234 | 0.256 | 0.000 | 0.219 |
| 0b2529b903b3aee453daddbc674918bf | 0.190 | 0.000 | 0.022 | 0.000 | 1.000 | 0.000 | 0.000 | 0.000 | 1.000 | 0.272 | 0.200 | 0.299 | 0.355 | 0.255 | 0.256 | 0.000 | 0.155 |
+----------------------------------+-------+-------+-------+-------+-------+-------+-------+-------+-------+-------+-------+-------+-------+-------+-------+-------+-------+
                                                                                testingset:
                                                                                +----------------------------------+-------+-------+-------+-------+-------+-------+-------+-------+-------+-------+-------+-------+-------+-------+-------+-------+-------+
|                0                 |   1   |   2   |   3   |   4   |   5   |   6   |   7   |   8   |   9   |   10  |   11  |   12  |   13  |   14  |   15  |   16  |   17  |
+----------------------------------+-------+-------+-------+-------+-------+-------+-------+-------+-------+-------+-------+-------+-------+-------+-------+-------+-------+
| a1854456100d793d004064ef8ddbfef6 | 0.000 | 0.000 | 0.007 | 0.001 | 1.000 | 0.000 | 1.000 | 0.000 | 1.000 | 0.272 | 1.000 | 0.299 | 0.205 | 0.289 | 0.256 | 0.000 | 0.091 |
| b2c277fef3fb8135223acaa5242d23f8 | 0.000 | 0.000 | 0.007 | 0.001 | 1.000 | 0.000 | 1.000 | 0.000 | 1.000 | 0.272 | 1.000 | 0.299 | 0.205 | 0.289 | 0.256 | 0.000 | 0.091 |
| cf252a328aef73ade30c56ee55e350d5 | 0.000 | 0.000 | 0.002 | 0.000 | 1.000 | 1.000 | 0.000 | 0.000 | 1.000 | 0.272 | 0.100 | 0.299 | 0.232 | 0.234 | 0.256 | 0.000 | 0.107 |
| 7362de318aa5142efdaf009593e827e8 | 0.000 | 0.000 | 0.018 | 0.003 | 1.000 | 1.000 | 1.000 | 0.000 | 0.000 | 0.270 | 1.000 | 0.329 | 0.205 | 0.255 | 0.256 | 0.000 | 0.213 |
| 8c659a3cade655e50d32e42259f38f73 | 0.006 | 0.020 | 0.010 | 0.028 | 1.000 | 0.000 | 1.000 | 0.000 | 1.000 | 0.272 | 0.200 | 0.299 | 0.232 | 0.234 | 0.256 | 0.017 | 0.159 |
| 7dcf040b38f0fe25121cc52579d2edcc | 0.127 | 0.000 | 0.007 | 0.000 | 1.000 | 0.000 | 1.000 | 0.000 | 1.000 | 0.272 | 1.000 | 0.299 | 0.205 | 0.289 | 0.256 | 0.000 | 0.139 |
| 51296e5de3d1ff237105a04735d91e81 | 0.000 | 0.000 | 0.103 | 0.002 | 1.000 | 1.000 | 0.000 | 0.000 | 1.000 | 0.272 | 0.100 | 0.392 | 0.205 | 0.289 | 0.256 | 0.000 | 0.155 |
| bcdf8821de8956dd126a271006daec69 | 0.000 | 0.000 | 0.005 | 0.000 | 0.000 | 0.000 | 1.000 | 0.000 | 1.000 | 0.272 | 0.700 | 0.299 | 0.191 | 0.289 | 0.256 | 0.000 | 0.155 |
| 5f337ebc6d0cca1071eba67b9ea17572 | 0.064 | 0.001 | 0.004 | 0.002 | 0.000 | 0.000 | 0.000 | 0.000 | 1.000 | 0.272 | 1.000 | 0.299 | 0.408 | 0.456 | 0.256 | 0.001 | 0.155 |
| 55a52645568e7eafd7f9fef2d116df26 | 0.012 | 0.009 | 0.030 | 0.011 | 1.000 | 0.000 | 0.000 | 0.000 | 1.000 | 0.272 | 0.200 | 0.299 | 0.191 | 0.255 | 0.256 | 0.007 | 0.113 |
| f63723b6fd07eac46d00e4feeb1dfc11 | 0.190 | 0.000 | 0.309 | 0.003 | 1.000 | 0.000 | 0.000 | 0.000 | 0.000 | 0.272 | 0.200 | 0.299 | 0.232 | 0.234 | 0.256 | 0.000 | 0.219 |
| aafea01de80f840e331ae15e4255672c | 0.023 | 0.004 | 0.003 | 0.007 | 0.000 | 1.000 | 1.000 | 0.000 | 1.000 | 0.272 | 0.100 | 0.299 | 0.191 | 0.255 | 0.256 | 0.001 | 0.155 |
| 116eee145a0276280e82e0081bc39130 | 0.325 | 0.000 | 0.002 | 0.000 | 1.000 | 1.000 | 1.000 | 0.000 | 1.000 | 0.272 | 0.200 | 0.299 | 0.232 | 0.234 | 0.256 | 0.000 | 0.159 |
| bff220e1e5a145edf32fbb2a25e28b60 | 0.000 | 0.000 | 0.036 | 0.005 | 1.000 | 1.000 | 0.000 | 0.000 | 1.000 | 0.272 | 0.400 | 0.299 | 0.205 | 0.289 | 0.256 | 0.000 | 0.150 |
| b0289a4dc13b708df009f2ffba30fe8a | 0.000 | 0.000 | 0.290 | 0.008 | 1.000 | 1.000 | 0.000 | 0.000 | 1.000 | 0.272 | 0.300 | 0.299 | 0.232 | 0.234 | 0.256 | 0.000 | 0.134 |
| aca79a9f276e41c09de0498028d6fc7a | 0.576 | 0.000 | 0.009 | 0.000 | 1.000 | 0.000 | 0.000 | 0.000 | 1.000 | 0.181 | 0.400 | 0.148 | 0.205 | 0.289 | 0.256 | 0.000 | 0.155 |
| e9f522d01e7c70ee6f319e036e52ec3d | 0.302 | 0.000 | 0.009 | 0.000 | 0.000 | 0.000 | 0.000 | 0.000 | 0.000 | 0.272 | 0.300 | 0.299 | 0.436 | 0.728 | 0.256 | 0.000 | 0.310 |
| fb25e2f597d8ec8c04ce923a8405fcc5 | 0.000 | 0.000 | 0.168 | 0.008 | 1.000 | 1.000 | 1.000 | 0.000 | 0.000 | 0.272 | 0.100 | 0.353 | 0.205 | 0.289 | 0.256 | 0.000 | 0.219 |
| 82e4e58e7fdb6ab535896277a8ddaec6 | 0.000 | 0.000 | 0.053 | 0.005 | 1.000 | 1.000 | 0.000 | 0.000 | 1.000 | 0.272 | 0.600 | 0.299 | 0.205 | 0.289 | 0.256 | 0.000 | 0.155 |
| ad3b3d728c8e579ef31efe61b9739c8a | 0.009 | 0.010 | 0.073 | 0.026 | 0.000 | 0.000 | 0.000 | 0.000 | 1.000 | 0.453 | 0.100 | 0.339 | 0.232 | 0.234 | 0.256 | 0.003 | 0.155 |
| d4e1b70e6a872dbf2a71cbf5ae0f3211 | 0.000 | 0.000 | 0.020 | 0.003 | 0.000 | 0.000 | 1.000 | 0.000 | 1.000 | 0.272 | 1.000 | 0.299 | 0.205 | 0.289 | 0.256 | 0.000 | 0.155 |
| b37ce79bf563844426c7452c38564acc | 0.282 | 0.000 | 0.010 | 0.000 | 0.000 | 0.000 | 0.000 | 0.000 | 1.000 | 0.272 | 0.700 | 0.299 | 0.228 | 0.255 | 0.256 | 0.000 | 0.155 |
| c37bda9a519612b55bb51516f0c3a2bc | 0.000 | 0.000 | 0.024 | 0.002 | 0.000 | 1.000 | 1.000 | 0.000 | 1.000 | 0.272 | 0.600 | 0.299 | 0.232 | 0.234 | 0.256 | 0.000 | 0.154 |
| ecd6fdc5a6653c95afdd64ec9e93c261 | 0.051 | 0.001 | 0.064 | 0.006 | 1.000 | 0.000 | 1.000 | 0.000 | 1.000 | 0.272 | 0.100 | 0.299 | 0.191 | 0.255 | 0.256 | 0.000 | 0.155 |
| dfae946e4721c3470994c90bd5bd393e | 0.016 | 0.008 | 0.033 | 0.004 | 1.000 | 1.000 | 0.000 | 0.000 | 1.000 | 0.272 | 0.500 | 0.299 | 0.232 | 0.234 | 0.256 | 0.006 | 0.157 |
| 2c376f86bcef8ab4b5cc50a2ea09f1d6 | 0.190 | 0.000 | 0.088 | 0.014 | 1.000 | 1.000 | 1.000 | 0.000 | 0.000 | 0.272 | 0.300 | 0.299 | 0.232 | 0.234 | 0.256 | 0.000 | 0.236 |
| 99af3f65a3c60f734317af00246a6937 | 0.019 | 0.005 | 0.007 | 0.007 | 0.000 | 0.000 | 0.000 | 0.000 | 1.000 | 0.272 | 0.800 | 0.299 | 0.453 | 0.456 | 0.256 | 0.005 | 0.112 |
| d72019635fcb518e1a55d0e483a66720 | 0.008 | 0.017 | 0.024 | 0.019 | 0.000 | 0.000 | 0.000 | 0.000 | 1.000 | 0.275 | 0.100 | 0.154 | 0.191 | 0.255 | 0.256 | 0.004 | 0.155 |
| c4f79c7d792e71fa3e0cb3fef3e45f51 | 0.190 | 0.000 | 0.033 | 0.007 | 1.000 | 1.000 | 1.000 | 1.000 | 0.746 | 0.272 | 0.400 | 0.299 | 0.191 | 0.255 | 0.256 | 0.000 | 0.000 |
| edb0eb6ddc78c447bd8c180647e90f06 | 0.023 | 0.005 | 0.010 | 0.003 | 0.000 | 1.000 | 1.000 | 0.000 | 1.000 | 0.272 | 0.200 | 0.299 | 0.205 | 0.289 | 0.256 | 0.001 | 0.155 |
| 9d2f8c7632943be38e5560f84e6f2b47 | 0.000 | 0.000 | 0.206 | 0.000 | 0.000 | 0.000 | 0.000 | 0.000 | 1.000 | 0.272 | 0.100 | 0.299 | 0.232 | 0.234 | 0.256 | 0.000 | 0.151 |
| 9b2138371fb668f474e83b3fc299a00d | 0.000 | 0.000 | 0.107 | 0.000 | 0.000 | 0.000 | 0.000 | 0.000 | 1.000 | 0.272 | 0.100 | 0.299 | 0.232 | 0.234 | 0.256 | 0.000 | 0.155 |
| e5b0ee8a5519969ec70f5722a90a8019 | 0.000 | 0.000 | 0.024 | 0.001 | 1.000 | 1.000 | 0.000 | 0.000 | 1.000 | 0.272 | 0.800 | 0.299 | 0.232 | 0.234 | 0.256 | 0.000 | 0.155 |
| 6ebc8ee8fd87580ad497e0702cd490f5 | 0.556 | 0.000 | 0.029 | 0.001 | 0.000 | 0.000 | 0.000 | 0.000 | 1.000 | 0.698 | 0.100 | 0.299 | 0.232 | 0.234 | 0.256 | 0.000 | 0.155 |
| 5c52e2433813f16b46264f07fed83783 | 0.324 | 0.000 | 0.001 | 0.000 | 1.000 | 0.000 | 0.000 | 0.000 | 1.000 | 0.272 | 0.800 | 0.299 | 0.205 | 0.289 | 0.256 | 0.000 | 0.155 |
| 5c56d6e30c8894211ac7e07bd7fecbb2 | 0.006 | 0.016 | 0.012 | 0.017 | 1.000 | 0.000 | 1.000 | 0.000 | 1.000 | 0.272 | 0.100 | 0.299 | 0.232 | 0.234 | 0.256 | 0.004 | 0.124 |
| 19518b3d8c1b0184fdb2e6f442788602 | 0.190 | 0.000 | 0.048 | 0.007 | 1.000 | 1.000 | 1.000 | 0.000 | 0.000 | 0.272 | 0.300 | 0.299 | 0.232 | 0.234 | 0.256 | 0.000 | 0.234 |
| 719842bc97e0cfa52328422aa8f25a98 | 0.051 | 0.002 | 0.005 | 0.002 | 0.000 | 0.000 | 0.000 | 0.000 | 1.000 | 0.270 | 0.200 | 0.329 | 0.232 | 0.234 | 0.256 | 0.000 | 0.155 |
| b27e32917608e20b4f6f29a8b74a8f20 | 0.000 | 0.000 | 0.049 | 0.001 | 1.000 | 0.000 | 0.000 | 0.000 | 0.000 | 0.272 | 0.800 | 0.299 | 0.205 | 0.289 | 0.256 | 0.000 | 0.219 |
| 108154ed39bf509525fde8c1d3cbb339 | 0.190 | 0.000 | 0.136 | 0.020 | 1.000 | 1.000 | 0.000 | 0.000 | 0.000 | 0.270 | 0.100 | 0.329 | 0.191 | 0.255 | 0.256 | 0.000 | 0.219 |
| 2e1371cfcd980e966336f9b8e5c868e4 | 0.379 | 0.000 | 0.002 | 0.000 | 0.000 | 0.000 | 0.000 | 0.000 | 1.000 | 0.272 | 0.500 | 0.299 | 0.587 | 0.255 | 0.256 | 0.000 | 0.155 |
| 801f3c29eef1891298a2d041692dfc39 | 0.000 | 0.000 | 0.081 | 0.002 | 1.000 | 1.000 | 0.000 | 0.000 | 1.000 | 0.272 | 0.100 | 0.299 | 0.205 | 0.289 | 0.256 | 0.000 | 0.155 |
| c8fff83568284351d87a8258d6cb5ca3 | 0.400 | 0.000 | 0.002 | 0.000 | 0.000 | 0.000 | 0.000 | 0.000 | 1.000 | 0.500 | 0.100 | 0.299 | 0.232 | 0.234 | 0.256 | 0.000 | 0.155 |
| b4b718311fd6a0f00a7716a53192b57a | 0.214 | 0.000 | 0.000 | 0.000 | 0.000 | 1.000 | 1.000 | 0.000 | 1.000 | 0.272 | 0.200 | 0.299 | 0.191 | 0.255 | 0.256 | 0.000 | 0.159 |
| fc8278775cf12fdf84e88493f8efc645 | 0.114 | 0.001 | 0.026 | 0.016 | 0.000 | 0.000 | 0.000 | 0.000 | 0.000 | 0.272 | 0.200 | 0.299 | 0.205 | 0.289 | 0.256 | 0.000 | 0.188 |
| a91e0e97c67e7f80d9c0bcc9bda3643e | 0.087 | 0.000 | 0.006 | 0.004 | 0.000 | 0.000 | 1.000 | 0.000 | 1.000 | 0.272 | 0.100 | 0.431 | 0.232 | 0.234 | 0.256 | 0.000 | 0.155 |
| 89adebbc573d1ef5bc135564a358715b | 0.033 | 0.013 | 0.322 | 0.006 | 1.000 | 0.000 | 0.000 | 0.000 | 0.000 | 0.272 | 1.000 | 0.299 | 0.417 | 0.289 | 0.256 | 0.004 | 0.219 |
| 37e1f7f3dd90d7a64d0668379b09ad2c | 0.000 | 0.000 | 0.067 | 0.003 | 1.000 | 0.000 | 0.000 | 0.000 | 0.000 | 0.272 | 0.800 | 0.299 | 0.205 | 0.289 | 0.256 | 0.000 | 0.219 |
| 0b2529b903b3aee453daddbc674918bf | 0.190 | 0.000 | 0.022 | 0.000 | 1.000 | 0.000 | 0.000 | 0.000 | 1.000 | 0.272 | 0.200 | 0.299 | 0.355 | 0.255 | 0.256 | 0.000 | 0.155 |
+----------------------------------+-------+-------+-------+-------+-------+-------+-------+-------+-------+-------+-------+-------+-------+-------+-------+-------+-------+
                                                                          false-positives-details
                                                                                                                                                          trainingset
                                                                                +----------------------------------+-------+-------+-------+-------+-------+-------+-------+-------+-------+-------+-------+-------+-------+-------+-------+-------+-------+
|                0                 |   1   |   2   |   3   |   4   |   5   |   6   |   7   |   8   |   9   |   10  |   11  |   12  |   13  |   14  |   15  |   16  |   17  |
+----------------------------------+-------+-------+-------+-------+-------+-------+-------+-------+-------+-------+-------+-------+-------+-------+-------+-------+-------+
| 22a77ec1ff8fa8bb567ef9db77666dc2 | 0.000 | 0.000 | 0.025 | 0.000 | 1.000 | 1.000 | 1.000 | 0.000 | 1.000 | 0.272 | 0.200 | 0.299 | 0.205 | 0.289 | 0.256 | 0.000 | 0.155 |
| 7e7ff5a990f0e5756e31348ced169854 | 0.190 | 0.000 | 0.002 | 0.000 | 1.000 | 1.000 | 1.000 | 0.000 | 1.000 | 0.345 | 1.000 | 0.395 | 0.232 | 0.234 | 0.256 | 0.000 | 0.155 |
| f99598ddb5f360efaa906fe278716bdd | 0.000 | 0.000 | 0.017 | 0.000 | 1.000 | 1.000 | 1.000 | 0.000 | 1.000 | 0.272 | 0.200 | 0.299 | 0.191 | 0.255 | 0.256 | 0.000 | 0.155 |
| ae84158d032805d41aaab2a967b37dd7 | 0.209 | 0.000 | 0.000 | 0.000 | 1.000 | 1.000 | 1.000 | 0.000 | 1.000 | 0.466 | 0.400 | 0.519 | 0.440 | 0.255 | 0.256 | 0.000 | 0.156 |
| 637067cfcf6a781a12c6e5f77eb4f5be | 0.619 | 0.000 | 0.031 | 0.001 | 1.000 | 1.000 | 1.000 | 0.000 | 1.000 | 0.365 | 1.000 | 0.299 | 0.618 | 0.289 | 0.256 | 0.000 | 0.155 |
| 2d78fc21636cf23424f37bef10a80671 | 0.000 | 0.000 | 0.009 | 0.000 | 1.000 | 1.000 | 1.000 | 0.000 | 1.000 | 0.500 | 0.100 | 0.510 | 0.079 | 0.255 | 0.256 | 0.000 | 0.155 |
| 3ad236513d9c071108178afbef95117c | 0.190 | 0.000 | 0.077 | 0.008 | 0.000 | 1.000 | 0.000 | 0.000 | 1.000 | 0.347 | 0.100 | 0.422 | 0.353 | 0.255 | 0.256 | 0.000 | 0.155 |
| 90d628bdf63f2be8b8f77f9e239584d9 | 0.411 | 0.000 | 0.007 | 0.000 | 0.000 | 0.000 | 0.000 | 0.000 | 1.000 | 0.276 | 1.000 | 0.289 | 0.754 | 0.255 | 0.256 | 0.000 | 0.155 |
| a7a819a6f7c08fa65fcca09b40755914 | 0.497 | 0.000 | 0.004 | 0.000 | 0.000 | 0.000 | 0.000 | 0.000 | 1.000 | 0.750 | 0.100 | 0.299 | 0.191 | 0.255 | 0.256 | 0.000 | 0.155 |
| a774df02a832585275de3db40f132cdd | 0.003 | 0.036 | 0.014 | 0.064 | 1.000 | 1.000 | 0.000 | 0.000 | 1.000 | 0.272 | 1.000 | 0.299 | 0.472 | 0.255 | 0.256 | 0.009 | 0.155 |
| f51d621abeb4c489918d904995bbcec0 | 0.073 | 0.001 | 0.032 | 0.008 | 0.000 | 0.000 | 0.000 | 0.000 | 1.000 | 0.455 | 0.200 | 0.421 | 0.500 | 0.255 | 0.256 | 0.000 | 0.155 |
| b1b77ba8651daa153ee861cee0758b98 | 0.000 | 0.000 | 0.288 | 0.011 | 1.000 | 1.000 | 1.000 | 0.000 | 0.000 | 0.272 | 1.000 | 0.299 | 0.436 | 0.092 | 0.256 | 0.000 | 0.219 |
| 059600524e5fa4fff9c72854ae7c70dc | 0.000 | 0.000 | 0.010 | 0.002 | 1.000 | 1.000 | 1.000 | 0.000 | 1.000 | 0.223 | 0.400 | 0.293 | 0.205 | 0.289 | 0.256 | 0.000 | 0.181 |
| 136d718bee74eb407355cb64f064867d | 0.000 | 0.000 | 0.034 | 0.003 | 1.000 | 0.000 | 1.000 | 0.000 | 1.000 | 0.633 | 0.900 | 0.756 | 0.724 | 0.255 | 0.256 | 0.000 | 0.155 |
| 2ad8cf91b644339895652db444e2a11a | 0.000 | 0.000 | 0.016 | 0.000 | 1.000 | 1.000 | 0.000 | 0.000 | 1.000 | 0.390 | 0.200 | 0.330 | 0.196 | 0.214 | 0.256 | 0.000 | 0.134 |
| d5763c8901ef9e76bbef5e673145b300 | 0.013 | 0.007 | 0.016 | 0.008 | 1.000 | 1.000 | 1.000 | 0.000 | 1.000 | 0.777 | 0.700 | 0.848 | 0.798 | 0.255 | 0.256 | 0.006 | 0.115 |
| ae5378982b7227176c3e42dd93c58bd4 | 0.000 | 0.000 | 0.103 | 0.007 | 1.000 | 0.000 | 0.000 | 0.000 | 1.000 | 0.177 | 0.100 | 0.412 | 0.476 | 0.255 | 0.256 | 0.000 | 0.159 |
| 590ce47a42bf67aa1295d02e85b1a7b5 | 0.021 | 0.005 | 0.002 | 0.006 | 0.000 | 1.000 | 1.000 | 0.000 | 1.000 | 0.749 | 0.800 | 0.412 | 0.436 | 0.289 | 0.256 | 0.005 | 0.120 |
| c7d7a72e48cb0f6938045ea6995c2cbb | 0.068 | 0.001 | 0.036 | 0.009 | 0.000 | 0.000 | 1.000 | 0.000 | 1.000 | 0.000 | 0.500 | 0.882 | 0.232 | 0.234 | 0.256 | 0.000 | 0.155 |
| 592149eecd6a019ee4d6b3ebeba94a91 | 0.395 | 0.001 | 0.005 | 0.000 | 0.000 | 1.000 | 1.000 | 0.000 | 0.000 | 0.383 | 0.400 | 0.498 | 0.191 | 0.255 | 0.256 | 0.000 | 0.219 |
| b3d296c6aa5c9a11c44f5857fc1bd709 | 0.129 | 0.000 | 0.030 | 0.008 | 1.000 | 0.000 | 0.000 | 0.000 | 0.000 | 0.450 | 0.100 | 0.790 | 0.030 | 0.255 | 0.256 | 0.000 | 0.267 |
| 170754478dc23a930d22722b43dbf181 | 0.005 | 0.025 | 0.049 | 0.027 | 1.000 | 1.000 | 1.000 | 0.000 | 1.000 | 0.383 | 0.200 | 0.498 | 0.232 | 0.234 | 0.256 | 0.007 | 0.155 |
| ea6c27a337aff6c262e8316984ff72e5 | 0.000 | 0.000 | 0.038 | 0.000 | 1.000 | 1.000 | 1.000 | 0.000 | 1.000 | 0.293 | 0.300 | 0.164 | 0.610 | 0.255 | 0.256 | 0.000 | 0.155 |
| 869cb02c0588b867e2aa3391cf939657 | 0.047 | 0.003 | 0.022 | 0.003 | 1.000 | 1.000 | 1.000 | 0.000 | 1.000 | 0.272 | 0.100 | 0.299 | 0.191 | 0.255 | 0.256 | 0.001 | 0.155 |
| 4468eb0caf3bdfbacfdc964b034531aa | 0.000 | 0.000 | 0.038 | 0.013 | 1.000 | 1.000 | 1.000 | 0.000 | 1.000 | 0.272 | 1.000 | 0.299 | 0.851 | 0.255 | 0.256 | 0.000 | 0.153 |
| 96a92f3bcb002f22a698a62a468415e3 | 0.000 | 0.000 | 0.012 | 0.006 | 1.000 | 1.000 | 1.000 | 1.000 | 0.746 | 0.053 | 0.400 | 0.218 | 0.980 | 0.685 | 0.256 | 0.000 | 0.000 |
| 05980c335755731f676e1be11e9599ac | 0.000 | 0.000 | 0.000 | 0.000 | 1.000 | 0.000 | 1.000 | 0.000 | 0.000 | 0.630 | 1.000 | 0.660 | 0.191 | 0.255 | 0.256 | 0.000 | 0.130 |
| 1e55333f8d65f339beccb7a64c5be4ff | 0.069 | 0.001 | 0.005 | 0.012 | 0.000 | 1.000 | 0.000 | 0.000 | 1.000 | 0.509 | 0.300 | 0.575 | 0.232 | 0.234 | 0.256 | 0.000 | 0.155 |
| 6fd95ead686ac1a37a103818fdb21103 | 0.000 | 0.000 | 0.002 | 0.001 | 1.000 | 0.000 | 1.000 | 0.000 | 1.000 | 0.250 | 1.000 | 0.660 | 0.205 | 0.289 | 0.256 | 0.000 | 0.097 |
| 9c70eaa380eb60135c5f1953b1f073cf | 0.532 | 0.000 | 0.011 | 0.000 | 1.000 | 1.000 | 1.000 | 0.000 | 0.000 | 0.425 | 0.200 | 0.460 | 0.232 | 0.234 | 0.256 | 0.000 | 0.227 |
| c92b478470f9147ea02229ac7de22adc | 0.000 | 0.000 | 0.310 | 0.015 | 1.000 | 1.000 | 1.000 | 0.000 | 0.000 | 0.272 | 0.600 | 0.299 | 0.205 | 0.289 | 0.256 | 0.000 | 0.219 |
| c9a919cf4d4b84c8a79f5e7b39d31729 | 0.108 | 0.001 | 0.001 | 0.005 | 1.000 | 1.000 | 0.000 | 0.000 | 1.000 | 0.894 | 0.100 | 0.848 | 0.191 | 0.255 | 0.256 | 0.000 | 0.155 |
| 1cfff0d13b46f3b0796663bfeaabec0f | 0.000 | 0.000 | 0.033 | 0.007 | 1.000 | 1.000 | 1.000 | 0.000 | 0.746 | 0.205 | 0.100 | 0.559 | 0.232 | 0.234 | 0.256 | 0.000 | 0.000 |
| 4af0c6020d07663825f905c783828379 | 0.000 | 0.000 | 0.024 | 0.000 | 1.000 | 1.000 | 1.000 | 0.000 | 1.000 | 0.272 | 0.100 | 0.299 | 0.191 | 0.255 | 0.256 | 0.000 | 0.153 |
| dac4c947ec074d40085158bcf81008d7 | 0.000 | 0.000 | 0.031 | 0.000 | 1.000 | 1.000 | 1.000 | 0.000 | 1.000 | 0.347 | 0.600 | 0.299 | 0.340 | 0.255 | 0.256 | 0.000 | 0.121 |
| ca77e08e2c425e31d9adaee714a3eecf | 0.231 | 0.000 | 0.001 | 0.000 | 1.000 | 0.000 | 0.000 | 0.000 | 0.000 | 0.509 | 0.100 | 0.575 | 0.129 | 0.289 | 0.256 | 0.000 | 0.621 |
+----------------------------------+-------+-------+-------+-------+-------+-------+-------+-------+-------+-------+-------+-------+-------+-------+-------+-------+-------+
                                                                                testingset
                                                                                 +----------------------------------+-------+-------+-------+-------+-------+-------+-------+-------+-------+-------+-------+-------+-------+-------+-------+-------+-------+
|                0                 |   1   |   2   |   3   |   4   |   5   |   6   |   7   |   8   |   9   |   10  |   11  |   12  |   13  |   14  |   15  |   16  |   17  |
+----------------------------------+-------+-------+-------+-------+-------+-------+-------+-------+-------+-------+-------+-------+-------+-------+-------+-------+-------+
| 22a77ec1ff8fa8bb567ef9db77666dc2 | 0.000 | 0.000 | 0.025 | 0.000 | 1.000 | 1.000 | 1.000 | 0.000 | 1.000 | 0.272 | 0.200 | 0.299 | 0.205 | 0.289 | 0.256 | 0.000 | 0.155 |
| 7e7ff5a990f0e5756e31348ced169854 | 0.190 | 0.000 | 0.002 | 0.000 | 1.000 | 1.000 | 1.000 | 0.000 | 1.000 | 0.345 | 1.000 | 0.395 | 0.232 | 0.234 | 0.256 | 0.000 | 0.155 |
| f99598ddb5f360efaa906fe278716bdd | 0.000 | 0.000 | 0.017 | 0.000 | 1.000 | 1.000 | 1.000 | 0.000 | 1.000 | 0.272 | 0.200 | 0.299 | 0.191 | 0.255 | 0.256 | 0.000 | 0.155 |
| ae84158d032805d41aaab2a967b37dd7 | 0.209 | 0.000 | 0.000 | 0.000 | 1.000 | 1.000 | 1.000 | 0.000 | 1.000 | 0.466 | 0.400 | 0.519 | 0.440 | 0.255 | 0.256 | 0.000 | 0.156 |
| 2d78fc21636cf23424f37bef10a80671 | 0.000 | 0.000 | 0.009 | 0.000 | 1.000 | 1.000 | 1.000 | 0.000 | 1.000 | 0.500 | 0.100 | 0.510 | 0.079 | 0.255 | 0.256 | 0.000 | 0.155 |
| 637067cfcf6a781a12c6e5f77eb4f5be | 0.619 | 0.000 | 0.031 | 0.001 | 1.000 | 1.000 | 1.000 | 0.000 | 1.000 | 0.365 | 1.000 | 0.299 | 0.618 | 0.289 | 0.256 | 0.000 | 0.155 |
| 3ad236513d9c071108178afbef95117c | 0.190 | 0.000 | 0.077 | 0.008 | 0.000 | 1.000 | 0.000 | 0.000 | 1.000 | 0.347 | 0.100 | 0.422 | 0.353 | 0.255 | 0.256 | 0.000 | 0.155 |
| 90d628bdf63f2be8b8f77f9e239584d9 | 0.411 | 0.000 | 0.007 | 0.000 | 0.000 | 0.000 | 0.000 | 0.000 | 1.000 | 0.276 | 1.000 | 0.289 | 0.754 | 0.255 | 0.256 | 0.000 | 0.155 |
| a774df02a832585275de3db40f132cdd | 0.003 | 0.036 | 0.014 | 0.064 | 1.000 | 1.000 | 0.000 | 0.000 | 1.000 | 0.272 | 1.000 | 0.299 | 0.472 | 0.255 | 0.256 | 0.009 | 0.155 |
| f51d621abeb4c489918d904995bbcec0 | 0.073 | 0.001 | 0.032 | 0.008 | 0.000 | 0.000 | 0.000 | 0.000 | 1.000 | 0.455 | 0.200 | 0.421 | 0.500 | 0.255 | 0.256 | 0.000 | 0.155 |
| b1b77ba8651daa153ee861cee0758b98 | 0.000 | 0.000 | 0.288 | 0.011 | 1.000 | 1.000 | 1.000 | 0.000 | 0.000 | 0.272 | 1.000 | 0.299 | 0.436 | 0.092 | 0.256 | 0.000 | 0.219 |
| 059600524e5fa4fff9c72854ae7c70dc | 0.000 | 0.000 | 0.010 | 0.002 | 1.000 | 1.000 | 1.000 | 0.000 | 1.000 | 0.223 | 0.400 | 0.293 | 0.205 | 0.289 | 0.256 | 0.000 | 0.181 |
| 136d718bee74eb407355cb64f064867d | 0.000 | 0.000 | 0.034 | 0.003 | 1.000 | 0.000 | 1.000 | 0.000 | 1.000 | 0.633 | 0.900 | 0.756 | 0.724 | 0.255 | 0.256 | 0.000 | 0.155 |
| d5763c8901ef9e76bbef5e673145b300 | 0.013 | 0.007 | 0.016 | 0.008 | 1.000 | 1.000 | 1.000 | 0.000 | 1.000 | 0.777 | 0.700 | 0.848 | 0.798 | 0.255 | 0.256 | 0.006 | 0.115 |
| ae5378982b7227176c3e42dd93c58bd4 | 0.000 | 0.000 | 0.103 | 0.007 | 1.000 | 0.000 | 0.000 | 0.000 | 1.000 | 0.177 | 0.100 | 0.412 | 0.476 | 0.255 | 0.256 | 0.000 | 0.159 |
| 2ad8cf91b644339895652db444e2a11a | 0.000 | 0.000 | 0.016 | 0.000 | 1.000 | 1.000 | 0.000 | 0.000 | 1.000 | 0.390 | 0.200 | 0.330 | 0.196 | 0.214 | 0.256 | 0.000 | 0.134 |
| 590ce47a42bf67aa1295d02e85b1a7b5 | 0.021 | 0.005 | 0.002 | 0.006 | 0.000 | 1.000 | 1.000 | 0.000 | 1.000 | 0.749 | 0.800 | 0.412 | 0.436 | 0.289 | 0.256 | 0.005 | 0.120 |
| b3d296c6aa5c9a11c44f5857fc1bd709 | 0.129 | 0.000 | 0.030 | 0.008 | 1.000 | 0.000 | 0.000 | 0.000 | 0.000 | 0.450 | 0.100 | 0.790 | 0.030 | 0.255 | 0.256 | 0.000 | 0.267 |
| 170754478dc23a930d22722b43dbf181 | 0.005 | 0.025 | 0.049 | 0.027 | 1.000 | 1.000 | 1.000 | 0.000 | 1.000 | 0.383 | 0.200 | 0.498 | 0.232 | 0.234 | 0.256 | 0.007 | 0.155 |
| ea6c27a337aff6c262e8316984ff72e5 | 0.000 | 0.000 | 0.038 | 0.000 | 1.000 | 1.000 | 1.000 | 0.000 | 1.000 | 0.293 | 0.300 | 0.164 | 0.610 | 0.255 | 0.256 | 0.000 | 0.155 |
| 4468eb0caf3bdfbacfdc964b034531aa | 0.000 | 0.000 | 0.038 | 0.013 | 1.000 | 1.000 | 1.000 | 0.000 | 1.000 | 0.272 | 1.000 | 0.299 | 0.851 | 0.255 | 0.256 | 0.000 | 0.153 |
| 869cb02c0588b867e2aa3391cf939657 | 0.047 | 0.003 | 0.022 | 0.003 | 1.000 | 1.000 | 1.000 | 0.000 | 1.000 | 0.272 | 0.100 | 0.299 | 0.191 | 0.255 | 0.256 | 0.001 | 0.155 |
| 96a92f3bcb002f22a698a62a468415e3 | 0.000 | 0.000 | 0.012 | 0.006 | 1.000 | 1.000 | 1.000 | 1.000 | 0.746 | 0.053 | 0.400 | 0.218 | 0.980 | 0.685 | 0.256 | 0.000 | 0.000 |
| 05980c335755731f676e1be11e9599ac | 0.000 | 0.000 | 0.000 | 0.000 | 1.000 | 0.000 | 1.000 | 0.000 | 0.000 | 0.630 | 1.000 | 0.660 | 0.191 | 0.255 | 0.256 | 0.000 | 0.130 |
| 1e55333f8d65f339beccb7a64c5be4ff | 0.069 | 0.001 | 0.005 | 0.012 | 0.000 | 1.000 | 0.000 | 0.000 | 1.000 | 0.509 | 0.300 | 0.575 | 0.232 | 0.234 | 0.256 | 0.000 | 0.155 |
| 6fd95ead686ac1a37a103818fdb21103 | 0.000 | 0.000 | 0.002 | 0.001 | 1.000 | 0.000 | 1.000 | 0.000 | 1.000 | 0.250 | 1.000 | 0.660 | 0.205 | 0.289 | 0.256 | 0.000 | 0.097 |
| 9c70eaa380eb60135c5f1953b1f073cf | 0.532 | 0.000 | 0.011 | 0.000 | 1.000 | 1.000 | 1.000 | 0.000 | 0.000 | 0.425 | 0.200 | 0.460 | 0.232 | 0.234 | 0.256 | 0.000 | 0.227 |
| c92b478470f9147ea02229ac7de22adc | 0.000 | 0.000 | 0.310 | 0.015 | 1.000 | 1.000 | 1.000 | 0.000 | 0.000 | 0.272 | 0.600 | 0.299 | 0.205 | 0.289 | 0.256 | 0.000 | 0.219 |
| c9a919cf4d4b84c8a79f5e7b39d31729 | 0.108 | 0.001 | 0.001 | 0.005 | 1.000 | 1.000 | 0.000 | 0.000 | 1.000 | 0.894 | 0.100 | 0.848 | 0.191 | 0.255 | 0.256 | 0.000 | 0.155 |
| 1cfff0d13b46f3b0796663bfeaabec0f | 0.000 | 0.000 | 0.033 | 0.007 | 1.000 | 1.000 | 1.000 | 0.000 | 0.746 | 0.205 | 0.100 | 0.559 | 0.232 | 0.234 | 0.256 | 0.000 | 0.000 |
| 4579ee8c77206cdf8a8c4000bcc74adf | 0.928 | 0.000 | 0.012 | 0.000 | 1.000 | 1.000 | 1.000 | 0.000 | 1.000 | 0.272 | 0.400 | 0.299 | 0.448 | 0.255 | 0.256 | 0.000 | 0.159 |
| 4af0c6020d07663825f905c783828379 | 0.000 | 0.000 | 0.024 | 0.000 | 1.000 | 1.000 | 1.000 | 0.000 | 1.000 | 0.272 | 0.100 | 0.299 | 0.191 | 0.255 | 0.256 | 0.000 | 0.153 |
| dac4c947ec074d40085158bcf81008d7 | 0.000 | 0.000 | 0.031 | 0.000 | 1.000 | 1.000 | 1.000 | 0.000 | 1.000 | 0.347 | 0.600 | 0.299 | 0.340 | 0.255 | 0.256 | 0.000 | 0.121 |
| ca77e08e2c425e31d9adaee714a3eecf | 0.231 | 0.000 | 0.001 | 0.000 | 1.000 | 0.000 | 0.000 | 0.000 | 0.000 | 0.509 | 0.100 | 0.575 | 0.129 | 0.289 | 0.256 | 0.000 | 0.621 |
+----------------------------------+-------+-------+-------+-------+-------+-------+-------+-------+-------+-------+-------+-------+-------+-------+-------+-------+-------+