Fraktile χχχχ²

ν/αν/αν/αν/α
1

2

3

4

5

6

7

8

9

10

11

12

13

14

15

16

17

18

19

20

21

22

23

24

25

26

27

28

29

30

40

50

60

70

80

90

100

0.005

0.01

0.025

0.05

0.1

0.9

0.95

0.975

0.99

0.995

0.999

0.0000

0.0100

0.0717

0.2070

0.4118

0.6757

0.9893

1.3444

1.7349

2.1558

2.6032

3.0738

3.5650

4.0747

4.6009

5.1422

5.6973

6.2648

6.8439

7.4338

8.0336

8.6427

9.2604

9.8862

10.5196

11.1602

11.8077

12.4613

13.1211

13.7867

20.7066

27.9908

35.5344

43.2753

51.1719

59.1963

67.3275

0.0002

0.0201

0.1148

0.2971

0.5543

0.8721

1.2390

1.6465

2.0879

2.5582

3.0535

3.5706

4.1069

4.6604

5.2294

5.8122

6.4077

7.0149

7.6327

8.2604

8.8972

9.5425

10.1957

10.8563

11.5240

12.1982

12.8785

13.5647

14.2564

14.9535

22.1642

29.7067

37.4848

45.4417

53.5400

61.7540

70.0650

0.0010

0.0506

0.2158

0.4844

0.8312

1.2373

1.6899

2.1797

2.7004

3.2470

3.8157

4.4038

5.0087

5.6287

6.2621

6.9077

7.5642

8.2307

8.9065

9.5908

10.2829

10.9823

11.6885

12.4011

13.1197

13.8439

14.5734

15.3079

16.0471

16.7908

24.4331

32.3574

40.4817

48.7575

57.1532

65.6466

74.2219

0.0039

0.1026

0.3518

0.7107

1.1455

1.6354

2.1673

2.7326

3.3251

3.9403

4.5748

5.2260

5.8919

6.5706

7.2609

7.9616

8.6718

9.3904

10.1170

10.8508

11.5913

12.3380

13.0905

13.8484

14.6114

15.3792

16.1514

16.9279

17.7084

18.4927

26.5093

34.7642

43.1880

51.7393

60.3915

69.1260

77.9294

0.0158

0.2107

0.5844

1.0636

1.6103

2.2041

2.8331

3.4895

4.1682

4.8652

5.5778

6.3038

7.0415

7.7895

8.5468

9.3122

10.0852

10.8649

11.6509

12.4426

13.2396

14.0415

14.8480

15.6587

16.4734

17.2919

18.1139

18.9392

19.7677

20.5992

29.0505

37.6886

46.4589

55.3289

64.2778

73.2911

82.3581

2.7055

4.6052

6.2514

7.7794

9.2363

10.6446

12.0170

13.3616

14.6837

15.9872

17.2750

18.5493

19.8119

21.0641

22.3071

23.5418

24.7690

25.9894

27.2036

28.4120

29.6151

30.8133

32.0069

33.1962

34.3816

35.5632

36.7412

37.9159

39.0875

40.2560

51.8050

63.1671

74.3970

85.5270

96.5782

3.8415

5.9915

7.8147

9.4877

11.0705

12.5916

14.0671

15.5073

16.9190

18.3070

19.6752

21.0261

22.3620

23.6848

24.9958

26.2962

27.5871

28.8693

30.1435

31.4104

32.6706

33.9245

35.1725

36.4150

37.6525

38.8851

40.1133

41.3372

42.5569

43.7730

55.7585

67.5048

79.0820

90.5313

5.0239

7.3778

9.3484

11.1433

12.8325

14.4494

16.0128

17.5345

19.0228

20.4832

21.9200

23.3367

24.7356

26.1189

27.4884

28.8453

30.1910

31.5264

32.8523

34.1696

35.4789

36.7807

38.0756

39.3641

40.6465

41.9231

43.1945

44.4608

45.7223

46.9792

59.3417

71.4202

83.2977

95.0231

6.6349

9.2104

11.3449

13.2767

15.0863

16.8119

18.4753

20.0902

21.6660

23.2093

24.7250

26.2170

27.6882

29.1412

30.5780

31.9999

33.4087

34.8052

36.1908

37.5663

38.9322

40.2894

41.6383

42.9798

44.3140

45.6416

46.9628

48.2782

49.5878

50.8922

63.6908

76.1538

88.3794

7.8794

10.5965

12.8381

14.8602

16.7496

18.5475

20.2777

21.9549

23.5893

25.1881

26.7569

28.2997

29.8193

31.3194

32.8015

34.2671

35.7184

37.1564

38.5821

39.9969

41.4009

42.7957

44.1814

45.5584

46.9280

48.2898

49.6450

50.9936

52.3355

53.6719

66.7660

79.4898

91.9518

10.8274

13.8150

16.2660

18.4662

20.5147

22.4575

24.3213

26.1239

27.8767

29.5879

31.2635

32.9092

34.5274

36.1239

37.6978

39.2518

40.7911

42.3119

43.8194

45.3142

46.7963

48.2676

49.7276

51.1790

52.6187

54.0511

55.4751

56.8918

58.3006

59.7022

73.4029

86.6603

99.6078

100.4251

104.2148

112.3167

101.8795

106.6285

112.3288

116.3209

124.8389

107.5650

113.1452

118.1359

124.1162

128.2987

137.2082

118.4980

124.3421

129.5613

135.8069

140.1697

149.4488

 

Grenzen f¨ur die kritischen Werte der

DURBIN-WATSON Statistik

Irrtumswahrscheinlichkeit 1%: DW L und DW U
k − 1 = 4

k − 1 = 5
N DW L DW U DW L DW U DW L DW U DW L DW U DW L DW U

k − 1 = 3

k − 1 = 1

k − 1 = 2

15
16
17
18
19
20
21
22
23
24
25
26
27
28
29
30
31
32
33
34
35
36
37
38
39
40
45
50
55
60
65
70
75
80
85
90
95
100

0.811 1.069
0.844 1.087
0.873 1.102
0.902 1.118
0.928 1.133
0.952 1.147
0.975 1.161
0.997 1.174
1.017 1.186
1.037 1.199
1.055 1.210
1.072 1.222
1.088 1.232
1.104 1.244
1.119 1.254
1.134 1.264
1.147 1.274
1.160 1.283
1.171 1.291
1.184 1.298
1.195 1.307
1.205 1.315
1.217 1.322
1.227 1.330
1.237 1.337
1.246 1.344
1.288 1.376
1.324 1.403
1.356 1.428
1.382 1.449
1.407 1.467
1.429 1.485
1.448 1.501
1.465 1.514
1.481 1.529
1.496 1.541
1.510 1.552
1.522 1.562

0.700 1.252
0.738 1.253
0.773 1.255
0.805 1.259
0.835 1.264
0.862 1.270
0.889 1.276
0.915 1.284
0.938 1.290
0.959 1.298
0.981 1.305
1.000 1.311
1.019 1.318
1.036 1.325
1.053 1.332
1.070 1.339
1.085 1.345
1.100 1.351
1.114 1.358
1.128 1.364
1.141 1.370
1.153 1.376
1.164 1.383
1.176 1.388
1.187 1.392
1.197 1.398
1.245 1.424
1.285 1.445
1.320 1.466
1.351 1.484
1.377 1.500
1.400 1.514
1.422 1.529
1.440 1.541
1.458 1.553
1.474 1.563
1.489 1.573
1.502 1.582

0.487 1.705
0.532 1.664
0.574 1.631
0.614 1.604
0.650 1.583
0.684 1.567
0.718 1.554
0.748 1.543
0.777 1.535
0.805 1.527
0.832 1.521
0.855 1.517
0.878 1.514
0.901 1.512
0.921 1.511
0.941 1.510
0.960 1.509
0.978 1.509
0.995 1.510
1.012 1.511
1.028 1.512
1.043 1.513
1.058 1.514
1.072 1.515
1.085 1.517
1.098 1.518
1.156 1.528
1.206 1.537
1.246 1.548
1.283 1.559
1.314 1.568
1.343 1.577
1.368 1.586
1.390 1.595
1.411 1.603
1.429 1.611
1.446 1.618
1.461 1.625

0.390 1.967
0.437 1.901
0.481 1.847
0.522 1.803
0.561 1.767
0.598 1.736
0.634 1.712
0.666 1.691
0.699 1.674
0.728 1.659
0.756 1.645
0.782 1.635
0.808 1.625
0.832 1.618
0.855 1.611
0.877 1.606
0.897 1.601
0.917 1.597
0.935 1.594
0.954 1.591
0.971 1.589
0.987 1.587
1.004 1.585
1.019 1.584
1.033 1.583
1.047 1.583
1.111 1.583
1.164 1.587
1.209 1.592
1.248 1.598
1.283 1.604
1.313 1.611
1.340 1.617
1.364 1.624
1.386 1.630
1.406 1.636
1.425 1.641
1.441 1.647

0.591 1.465
0.633 1.447
0.672 1.432
0.708 1.422
0.742 1.416
0.774 1.410
0.803 1.408
0.832 1.407
0.858 1.407
0.881 1.407
0.906 1.408
0.928 1.410
0.948 1.413
0.969 1.414
0.988 1.418
1.006 1.421
1.022 1.425
1.039 1.428
1.055 1.432
1.070 1.436
1.085 1.439
1.098 1.442
1.112 1.446
1.124 1.449
1.137 1.452
1.149 1.456
1.201 1.474
1.245 1.491
1.284 1.505
1.317 1.520
1.346 1.534
1.372 1.546
1.395 1.557
1.416 1.568
1.434 1.577
1.452 1.587
1.468 1.596
1.482 1.604

1

