Prof. Dr. T. Staufenbiel                             Universität Osnabrück                                  WS 2014/2015 

 

 

Tabellensammlung  
»Statistik I & II« 

Begleitend zu den Modulen »Statistik I« und »Statistik II« finden Sie auf den folgenden Seiten 
tabellarische Darstellungen der Verteilungsfunktionen folgender Verteilungen: 

  Standardnormalverteilung 
  T‐Verteilung 
  F‐Verteilung 
  2‐Verteilung 
  Studentisierte Range‐Verteilung 
  Kritische U‐Werte für Mann‐Whitney U‐Test 
  Kritische W‐Werte für Wilcoxon Vorzeichen Rangtest 

 

 

‐ 1 ‐
 

(25.10.2012)

Prof. Dr. T. Staufenbiel                             Universität Osnabrück                                  WS 2014/2015 

 
 

Standardnormalverteilung 

 
 
Die Tabelle enthält die Werte der Verteilungsfunktion  
p := F(z) = P(Z  z) für z  0. 

 

 

z 

0.00 
0.01 
0.02 
0.03 
0.04 
0.05 
0.06 
0.07 
0.08 
0.09 
0.10 
0.11 
0.12 
0.13 
0.14 
0.15 
0.16 
0.17 
0.18 
0.19 
0.20 
0.21 
0.22 
0.23 
0.24 
0.25 
0.26 
0.27 
0.28 
0.29 
0.30 
0.31 
0.32 
0.33 
0.34 
0.35 
0.36 
0.37 
0.38 
0.39 
0.40 
0.41 
0.42 
0.43 
0.44 
0.45 

 
 
 
 
 
 
 
 
 
 
 
 
 
 
 
 
 
 
 
 
 
 
 
 
 
 
 
 
 
 
 
 
 
 
 
 
 
 
 
 
 
 
 
 
 
 
 

p 

0.5000 
0.5040 
0.5080 
0.5120 
0.5160 
0.5199 
0.5239 
0.5279 
0.5319 
0.5359 
0.5398 
0.5438 
0.5478 
0.5517 
0.5557 
0.5596 
0.5636 
0.5675 
0.5714 
0.5753 
0.5793 
0.5832 
0.5871 
0.5910 
0.5948 
0.5987 
0.6026 
0.6064 
0.6103 
0.6141 
0.6179 
0.6217 
0.6255 
0.6293 
0.6331 
0.6368 
0.6406 
0.6443 
0.6480 
0.6517 
0.6554 
0.6591 
0.6628 
0.6664 
0.6700 
0.6736 

 

z 

0.46 
0.47 
0.48 
0.49 
0.50 
0.51 
0.52 
0.53 
0.54 
0.55 
0.56 
0.57 
0.58 
0.59 
0.60 
0.61 
0.62 
0.63 
0.64 
0.65 
0.66 
0.67 
0.68 
0.69 
0.70 
0.71 
0.72 
0.73 
0.74 
0.75 
0.76 
0.77 
0.78 
0.79 
0.80 
0.81 
0.82 
0.83 
0.84 
0.85 
0.86 
0.87 
0.88 
0.89 
0.90 
0.91 

p 

0.6772 
0.6808 
0.6844 
0.6879 
0.6915 
0.6950 
0.6985 
0.7019 
0.7054 
0.7088 
0.7123 
0.7157 
0.7190 
0.7224 
0.7257 
0.7291 
0.7324 
0.7357 
0.7389 
0.7422 
0.7454 
0.7486 
0.7517 
0.7549 
0.7580 
0.7611 
0.7642 
0.7673 
0.7704 
0.7734 
0.7764 
0.7794 
0.7823 
0.7852 
0.7881 
0.7910 
0.7939 
0.7967 
0.7995 
0.8023 
0.8051 
0.8078 
0.8106 
0.8133 
0.8159 
0.8186 

 
 
 
 
 
 
 
 
 
 
 
 
 
 
 
 
 
 
 
 
 
 
 
 
 
 
 
 
 
 
 
 
 
 
 
 
 
 
 
 
 
 
 
 
 
 
 

z 

0.92 
0.93 
0.94 
0.95 
0.96 
0.97 
0.98 
0.99 
1.00 
1.01 
1.02 
1.03 
1.04 
1.05 
1.06 
1.07 
1.08 
1.09 
1.10 
1.11 
1.12 
1.13 
1.14 
1.15 
1.16 
1.17 
1.18 
1.19 
1.20 
1.21 
1.22 
1.23 
1.24 
1.25 
1.26 
1.27 
1.28 
1.29 
1.30 
1.31 
1.32 
1.33 
1.34 
1.35 
1.36 
1.37 

 
 
 
 
 
 
 
 
 
 
 
 
 
 
 
 
 
 
 
 
 
 
 
 
 
 
 
 
 
 
 
 
 
 
 
 
 
 
 
 
 
 
 
 
 
 
 

p 

0.8212 
0.8238 
0.8264 
0.8289 
0.8315 
0.8340 
0.8365 
0.8389 
0.8413 
0.8438 
0.8461 
0.8485 
0.8508 
0.8531 
0.8554 
0.8577 
0.8599 
0.8621 
0.8643 
0.8665 
0.8686 
0.8708 
0.8729 
0.8749 
0.8770 
0.8790 
0.8810 
0.8830 
0.8849 
0.8869 
0.8888 
0.8907 
0.8925 
0.8944 
0.8962 
0.8980 
0.8997 
0.9015 
0.9032 
0.9049 
0.9066 
0.9082 
0.9099 
0.9115 
0.9131 
0.9147 

‐ 2 ‐
 

z 

1.38 
1.39 
1.40 
1.41 
1.42 
1.43 
1.44 
1.45 
1.46 
1.47 
1.48 
1.49 
1.50 
1.51 
1.52 
1.53 
1.54 
1.55 
1.56 
1.57 
1.58 
1.59 
1.6 
1.61 
1.62 
1.63 
1.64 
1.65 
1.66 
1.67 
1.68 
1.69 
1.70 
1.71 
1.72 
1.73 
1.74 
1.75 
1.76 
1.77 
1.78 
1.79 
1.80 
1.81 
1.82 
1.83 

p 

0.9162 
0.9177 
0.9192 
0.9207 
0.9222 
0.9236 
0.9251 
0.9265 
0.9279 
0.9292 
0.9306 
0.9319 
0.9332 
0.9345 
0.9357 
0.9370 
0.9382 
0.9394 
0.9406 
0.9418 
0.9429 
0.9441 
0.9452 
0.9463 
0.9474 
0.9484 
0.9495 
0.9505 
0.9515 
0.9525 
0.9535 
0.9545 
0.9554 
0.9564 
0.9573 
0.9582 
0.9591 
0.9599 
0.9608 
0.9616 
0.9625 
0.9633 
0.9641 
0.9649 
0.9656 
0.9664 

 
 
 
 
 
 
 
 
 
 
 
 
 
 
 
 
 
 
 
 
 
 
 
 
 
 
 
 
 
 
 
 
 
 
 
 
 
 
 
 
 
 
 
 
 
 
 

z 

1.84 
1.85 
1.86 
1.87 
1.88 
1.89 
1.90 
1.91 
1.92 
1.93 
1.94 
1.95 
1.96 
1.97 
1.98 
1.99 
2.00 
2.01 
2.02 
2.03 
2.04 
2.05 
2.06 
2.07 
2.08 
2.09 
2.10 
2.11 
2.12 
2.13 
2.14 
2.15 
2.16 
2.17 
2.18 
2.19 
2.20 
2.21 
2.22 
2.23 
2.24 
2.25 
2.26 
2.27 
2.28 
2.29 

p 

0.9671 
0.9678 
0.9686 
0.9693 
0.9699 
0.9706 
0.9713 
0.9719 
0.9726 
0.9732 
0.9738 
0.9744 
0.9750 
0.9756 
0.9761 
0.9767 
0.9772 
0.9778 
0.9783 
0.9788 
0.9793 
0.9798 
0.9803 
0.9808 
0.9812 
0.9817 
0.9821 
0.9826 
0.9830 
0.9834 
0.9838 
0.9842 
0.9846 
0.9850 
0.9854 
0.9857 
0.9861 
0.9864 
0.9868 
0.9871 
0.9875 
0.9878 
0.9881 
0.9884 
0.9887 
0.9890 

(25.10.2012)

