                                               HIGH FALSE PREDICTION ERRORS
                                               

0:ration_text_pages   	1:folder_name         	2:copyright_symbol    	3:text                	
4:avg_image_size      	5:avg_text_size       	6:pages               	7:ratio_words_box     	
8:filename            	9:ratio_text_image    	10:producer            	11:creator             	
12:page_rot            	13:ratio_image_pages   	14:file_size           	15:page_size_y         	
16:page_size_x         	17:word_count          	18:error               	

                                                    High False Negatives                                                   
+------------+-------+-------+----------------------------------+-------+-------+-------+-------+-------+-------+-------+-------+-------+-------+-------+-------+-------+-------+-------+-------+-------+-------+-------+
| error_type |  pred | label |              doc_id              |   0   |   1   |   2   |   3   |   4   |   5   |   6   |   7   |   8   |   9   |   10  |   11  |   12  |   13  |   14  |   15  |   16  |   17  |   18  |
+------------+-------+-------+----------------------------------+-------+-------+-------+-------+-------+-------+-------+-------+-------+-------+-------+-------+-------+-------+-------+-------+-------+-------+-------+
| false_neg  | 0.003 | 1.000 | aec312abbf178172eecf44fa5d0dd135 | 0.121 | 0.500 | 0.000 | 0.000 | 0.460 | 0.026 | 0.011 | 0.035 | 0.500 | 0.002 | 1.000 | 1.000 | 0.000 | 0.000 | 0.007 | 0.213 | 0.183 | 0.001 | 0.000 |
| false_neg  | 0.004 | 1.000 | af320559e8eaa345be2206c0f88824c3 | 0.085 | 1.000 | 0.000 | 0.500 | 0.355 | 0.027 | 0.007 | 0.090 | 0.500 | 0.001 | 1.000 | 1.000 | 0.000 | 0.000 | 0.012 | 0.182 | 0.151 | 0.001 | 0.000 |
| false_neg  | 0.041 | 1.000 | af3e0384e1cb0aeffb3d9ea429a9f606 | 0.037 | 0.500 | 1.000 | 0.000 | 0.167 | 0.125 | 0.021 | 0.165 | 0.500 | 0.000 | 0.500 | 0.500 | 0.000 | 0.000 | 0.005 | 0.213 | 0.183 | 0.001 | 1.000 |
| false_neg  | 0.099 | 1.000 | aff8be12fca82b1e38e34b349c853178 | 0.006 | 0.500 | 1.000 | 0.500 | 0.167 | 0.007 | 0.001 | 0.032 | 0.500 | 0.000 | 0.500 | 0.500 | 0.000 | 0.000 | 0.049 | 0.160 | 0.118 | 0.001 | 1.000 |
| false_neg  | 0.005 | 1.000 | b0e5ffc0f2f7c5794f9c82897d2d1bb5 | 0.076 | 0.500 | 0.000 | 0.500 | 0.167 | 0.053 | 0.018 | 0.056 | 0.500 | 0.000 | 0.500 | 0.500 | 0.000 | 0.002 | 0.011 | 0.213 | 0.183 | 0.006 | 1.000 |
| false_neg  | 0.007 | 1.000 | b17e172bfb5fe98c8ef2ad43b3d7c070 | 0.000 | 0.500 | 0.000 | 0.500 | 0.445 | 0.053 | 0.014 | 0.056 | 0.500 | 0.000 | 1.000 | 1.000 | 0.000 | 0.000 | 0.028 | 0.198 | 0.189 | 0.000 | 1.000 |
| false_neg  | 0.043 | 1.000 | b19ace98c4704321b55ecd2e2d832aa4 | 0.000 | 0.500 | 0.000 | 0.500 | 0.460 | 0.053 | 0.015 | 0.056 | 0.500 | 0.000 | 1.000 | 1.000 | 1.000 | 0.000 | 0.200 | 0.141 | 0.283 | 0.000 | 1.000 |
| false_neg  | 0.002 | 1.000 | b1e04226a53d4b0ae0213fab9b2c6e81 | 0.105 | 0.500 | 0.000 | 0.000 | 0.025 | 0.022 | 0.001 | 0.014 | 0.500 | 0.001 | 0.000 | 0.000 | 0.000 | 0.000 | 0.005 | 0.213 | 0.183 | 0.001 | 0.000 |
| false_neg  | 0.018 | 1.000 | b248f8ca29f8ec3c55ea43859a467d0d | 0.111 | 0.500 | 0.000 | 1.000 | 0.253 | 0.016 | 0.042 | 0.039 | 0.500 | 0.002 | 0.500 | 1.000 | 0.000 | 0.000 | 0.083 | 0.157 | 0.117 | 0.001 | 0.000 |
| false_neg  | 0.052 | 1.000 | b27e32917608e20b4f6f29a8b74a8f20 | 0.000 | 0.500 | 0.000 | 0.500 | 0.460 | 0.053 | 0.003 | 0.056 | 0.500 | 0.000 | 0.500 | 0.500 | 1.000 | 0.000 | 0.049 | 0.141 | 0.283 | 0.000 | 1.000 |
| false_neg  | 0.250 | 1.000 | b2a82c0d9db18180f2107eead3e68522 | 0.102 | 0.500 | 1.000 | 1.000 | 0.167 | 0.043 | 0.010 | 0.100 | 0.500 | 0.000 | 0.000 | 1.000 | 0.000 | 0.000 | 0.004 | 0.198 | 0.190 | 0.033 | 1.000 |
| false_neg  | 0.178 | 1.000 | b33c2f591a30fbfa09203f47b3e10d6f | 0.109 | 0.500 | 1.000 | 1.000 | 0.027 | 0.027 | 0.006 | 0.097 | 0.500 | 0.001 | 0.500 | 1.000 | 0.000 | 0.000 | 0.010 | 0.198 | 0.190 | 0.001 | 0.000 |
| false_neg  | 0.016 | 1.000 | b3eb6655169da1983644e02e0c328866 | 0.356 | 0.500 | 0.000 | 0.500 | 0.460 | 0.016 | 0.006 | 0.021 | 0.500 | 0.006 | 1.000 | 0.500 | 0.000 | 0.000 | 0.018 | 0.213 | 0.183 | 0.004 | 0.000 |
| false_neg  | 0.006 | 1.000 | b4b718311fd6a0f00a7716a53192b57a | 0.232 | 0.500 | 0.000 | 0.500 | 0.167 | 0.010 | 0.001 | 0.013 | 0.500 | 0.000 | 0.500 | 0.500 | 0.000 | 0.000 | 0.000 | 0.198 | 0.190 | 0.001 | 1.000 |
| false_neg  | 0.006 | 1.000 | b5100aba40a7d1b1ffb21c2defe202dd | 0.000 | 0.500 | 0.000 | 0.500 | 0.283 | 0.053 | 0.045 | 0.056 | 0.500 | 0.000 | 0.500 | 1.000 | 0.000 | 0.000 | 0.095 | 0.167 | 0.120 | 0.000 | 1.000 |
| false_neg  | 0.085 | 1.000 | b5c5e5ec69000bd96cef145f0ca439d2 | 0.039 | 0.500 | 1.000 | 0.500 | 0.033 | 0.058 | 0.190 | 0.154 | 0.500 | 0.015 | 0.500 | 0.500 | 0.000 | 0.000 | 0.031 | 0.157 | 0.117 | 0.001 | 0.000 |
| false_neg  | 0.041 | 1.000 | b5e9a3a4e0ca7ab3358e76a844b4eb8a | 0.039 | 0.500 | 1.000 | 0.000 | 0.167 | 0.068 | 0.017 | 0.150 | 0.500 | 0.000 | 0.000 | 0.500 | 0.000 | 0.000 | 0.006 | 0.158 | 0.114 | 0.001 | 1.000 |
| false_neg  | 0.009 | 1.000 | b63e7b4ee1764f96d3f4a937b008d8d5 | 0.000 | 0.500 | 0.000 | 0.500 | 0.441 | 0.053 | 0.011 | 0.056 | 0.500 | 0.000 | 1.000 | 1.000 | 0.000 | 0.000 | 0.170 | 0.142 | 0.103 | 0.000 | 1.000 |
| false_neg  | 0.233 | 1.000 | b661a7d1f9c4668e351d2dc2e13ed86a | 0.082 | 0.500 | 1.000 | 1.000 | 0.032 | 0.023 | 0.031 | 0.061 | 0.500 | 0.022 | 0.000 | 0.500 | 0.000 | 0.000 | 0.017 | 0.157 | 0.116 | 0.001 | 0.000 |
| false_neg  | 0.085 | 1.000 | b6e4a79f906a0a73139d6e5a147360ce | 0.049 | 0.500 | 1.000 | 0.500 | 0.039 | 0.067 | 0.037 | 0.074 | 0.500 | 0.005 | 0.500 | 0.500 | 0.000 | 0.000 | 0.009 | 0.213 | 0.183 | 0.001 | 0.000 |
| false_neg  | 0.050 | 1.000 | b7d354d689f5052419c45cf4414d8216 | 0.378 | 1.000 | 1.000 | 0.500 | 0.003 | 0.005 | 0.022 | 0.018 | 0.500 | 0.001 | 1.000 | 1.000 | 0.000 | 0.000 | 0.022 | 0.159 | 0.157 | 0.001 | 0.000 |
| false_neg  | 0.011 | 1.000 | b8637285b0942f909f1062b20a888902 | 0.000 | 0.500 | 0.000 | 0.500 | 0.460 | 0.053 | 0.014 | 0.056 | 0.500 | 0.000 | 0.500 | 0.500 | 0.000 | 0.000 | 0.042 | 0.144 | 0.146 | 0.000 | 1.000 |
| false_neg  | 0.006 | 1.000 | b8a496db64ed886c92fecdec6012ec81 | 0.000 | 0.500 | 0.000 | 0.500 | 0.311 | 0.053 | 0.009 | 0.056 | 0.500 | 0.000 | 1.000 | 1.000 | 0.000 | 0.000 | 0.141 | 0.161 | 0.142 | 0.000 | 1.000 |
| false_neg  | 0.251 | 1.000 | b93f13ac9a0f7e613d42188787c356f4 | 0.150 | 0.500 | 1.000 | 1.000 | 0.053 | 0.023 | 0.016 | 0.071 | 0.500 | 0.004 | 0.500 | 0.500 | 0.000 | 0.000 | 0.048 | 0.195 | 0.183 | 0.001 | 0.000 |
| false_neg  | 0.006 | 1.000 | ba1474c5d0f48ef0f58c6f23f3dacd8b | 0.091 | 0.500 | 0.000 | 0.500 | 0.167 | 0.030 | 0.003 | 0.042 | 0.500 | 0.000 | 0.000 | 0.500 | 0.000 | 0.000 | 0.001 | 0.213 | 0.183 | 0.001 | 1.000 |
| false_neg  | 0.005 | 1.000 | ba4b45beaf0e992ebdd9fa69c10b171e | 0.086 | 0.500 | 0.000 | 0.500 | 0.167 | 0.038 | 0.023 | 0.090 | 0.500 | 0.000 | 0.500 | 0.500 | 0.000 | 0.000 | 0.022 | 0.191 | 0.164 | 0.001 | 1.000 |
| false_neg  | 0.080 | 1.000 | babebad79afebe86b41eedd269a2740c | 0.093 | 0.500 | 1.000 | 0.500 | 0.115 | 0.028 | 0.015 | 0.088 | 0.500 | 0.012 | 0.500 | 1.000 | 0.000 | 0.000 | 0.008 | 0.171 | 0.159 | 0.001 | 0.000 |
| false_neg  | 0.159 | 1.000 | bcc6010cd5a573c599f1199fe6012314 | 0.096 | 0.500 | 1.000 | 0.500 | 0.167 | 0.049 | 0.016 | 0.056 | 1.000 | 0.000 | 0.000 | 0.000 | 0.000 | 0.000 | 0.010 | 0.198 | 0.190 | 0.001 | 1.000 |
| false_neg  | 0.019 | 1.000 | bcdf8821de8956dd126a271006daec69 | 0.000 | 0.500 | 0.000 | 0.500 | 0.115 | 0.053 | 0.000 | 0.056 | 0.500 | 0.000 | 0.500 | 0.500 | 1.000 | 0.000 | 0.005 | 0.213 | 0.183 | 0.000 | 1.000 |
| false_neg  | 0.002 | 1.000 | be1ce0624ef0303f81769f1d2b678ea9 | 0.075 | 0.500 | 0.000 | 0.000 | 0.007 | 0.066 | 0.004 | 0.061 | 0.500 | 0.000 | 0.000 | 0.000 | 0.000 | 0.001 | 0.008 | 0.213 | 0.183 | 0.001 | 0.000 |
| false_neg  | 0.004 | 1.000 | be622e8be3efce5cde8c0cbaeaa26d92 | 0.076 | 0.500 | 0.000 | 0.500 | 0.167 | 0.053 | 0.015 | 0.056 | 0.500 | 0.000 | 1.000 | 1.000 | 0.000 | 0.002 | 0.003 | 0.184 | 0.190 | 0.001 | 1.000 |
| false_neg  | 0.002 | 1.000 | bf233166f66404c80a10f37cf5673c8c | 0.056 | 0.500 | 0.000 | 0.000 | 0.167 | 0.077 | 0.001 | 0.092 | 0.000 | 0.000 | 0.000 | 0.000 | 0.000 | 0.000 | 0.006 | 0.213 | 0.183 | 0.001 | 1.000 |
| false_neg  | 0.001 | 1.000 | bf82552a53cdb0955931efb513477ca9 | 0.065 | 0.500 | 0.000 | 0.000 | 0.167 | 0.031 | 0.031 | 0.071 | 0.500 | 0.000 | 0.000 | 1.000 | 0.000 | 0.000 | 0.009 | 0.146 | 0.114 | 0.001 | 1.000 |
| false_neg  | 0.009 | 1.000 | bff220e1e5a145edf32fbb2a25e28b60 | 0.000 | 0.500 | 0.000 | 0.500 | 0.441 | 0.053 | 0.010 | 0.056 | 0.500 | 0.000 | 0.000 | 1.000 | 0.000 | 0.000 | 0.036 | 0.212 | 0.175 | 0.000 | 1.000 |
| false_neg  | 0.075 | 1.000 | c09aaa06323524e14a734b6c711f443f | 0.026 | 1.000 | 1.000 | 0.500 | 0.167 | 0.090 | 0.024 | 0.211 | 0.500 | 0.000 | 0.500 | 0.500 | 0.000 | 0.000 | 0.002 | 0.148 | 0.093 | 0.001 | 1.000 |
| false_neg  | 0.016 | 1.000 | c0c98bba489bba69aaaa082c7a103307 | 0.030 | 0.500 | 0.000 | 0.500 | 0.445 | 0.005 | 0.000 | 0.008 | 0.500 | 0.000 | 0.000 | 0.000 | 0.000 | 0.000 | 0.013 | 0.198 | 0.190 | 0.000 | 0.000 |
| false_neg  | 0.014 | 1.000 | c0d89f00c9bddb922b743efc403df92a | 0.000 | 0.500 | 0.000 | 0.500 | 0.460 | 0.053 | 0.004 | 0.056 | 0.500 | 0.000 | 0.000 | 0.500 | 0.000 | 0.000 | 0.173 | 0.141 | 0.283 | 0.000 | 1.000 |
| false_neg  | 0.016 | 1.000 | c1d899e8bb64093c3f1ea397d60ae657 | 0.000 | 0.500 | 0.000 | 0.500 | 0.473 | 0.053 | 0.010 | 0.056 | 0.500 | 0.000 | 0.500 | 1.000 | 0.000 | 0.000 | 0.515 | 0.213 | 0.190 | 0.000 | 1.000 |
| false_neg  | 0.044 | 1.000 | c2c807eeb0cc1e186d4cec6a09ba03cb | 0.000 | 0.500 | 0.000 | 0.500 | 0.460 | 0.053 | 0.011 | 0.056 | 0.500 | 0.000 | 1.000 | 1.000 | 1.000 | 0.000 | 0.195 | 0.213 | 0.183 | 0.000 | 1.000 |
| false_neg  | 0.003 | 1.000 | c2c81acf372250bf36256dd59bd46b75 | 0.000 | 0.500 | 0.000 | 0.500 | 0.167 | 0.053 | 0.010 | 0.056 | 0.500 | 0.000 | 1.000 | 1.000 | 0.000 | 0.000 | 0.007 | 0.130 | 0.080 | 0.000 | 1.000 |
| false_neg  | 0.038 | 1.000 | c33192a322a04ce10005dda85bd83734 | 1.000 | 0.500 | 0.000 | 0.500 | 0.438 | 0.002 | 0.006 | 0.005 | 0.500 | 0.016 | 0.000 | 0.500 | 0.000 | 0.000 | 0.039 | 0.137 | 0.275 | 0.001 | 0.000 |
| false_neg  | 0.008 | 1.000 | c37bda9a519612b55bb51516f0c3a2bc | 0.000 | 0.500 | 0.000 | 0.500 | 0.437 | 0.053 | 0.005 | 0.056 | 0.500 | 0.000 | 0.500 | 1.000 | 0.000 | 0.000 | 0.024 | 0.202 | 0.181 | 0.000 | 1.000 |
| false_neg  | 0.110 | 1.000 | c4f79c7d792e71fa3e0cb3fef3e45f51 | 0.076 | 0.500 | 1.000 | 0.500 | 0.167 | 0.053 | 0.001 | 0.056 | 0.500 | 0.000 | 0.500 | 0.500 | 0.000 | 0.002 | 0.007 | 0.198 | 0.190 | 0.001 | 1.000 |
| false_neg  | 0.010 | 1.000 | c55f4214426f75e23ecc2a30f8a55122 | 0.000 | 0.500 | 0.000 | 0.500 | 0.469 | 0.053 | 0.010 | 0.056 | 0.500 | 0.000 | 0.000 | 1.000 | 0.000 | 0.000 | 0.053 | 0.212 | 0.189 | 0.000 | 1.000 |
| false_neg  | 0.012 | 1.000 | c5672cd007cee091c721efa96a0bb2b7 | 0.000 | 0.500 | 0.000 | 0.500 | 0.460 | 0.053 | 0.003 | 0.056 | 0.500 | 0.000 | 0.500 | 0.500 | 0.000 | 0.000 | 0.062 | 0.213 | 0.183 | 0.000 | 1.000 |
| false_neg  | 0.277 | 1.000 | c5996e4d8bfc738574676e65d5fb9910 | 0.000 | 1.000 | 1.000 | 1.000 | 0.229 | 0.053 | 0.134 | 0.056 | 0.500 | 0.000 | 0.500 | 0.000 | 0.000 | 0.000 | 0.027 | 0.141 | 0.112 | 0.001 | 1.000 |
| false_neg  | 0.126 | 1.000 | c6237fc82c1c2030e68df38de7d3871a | 0.091 | 0.500 | 1.000 | 0.500 | 0.105 | 0.023 | 0.286 | 0.049 | 0.500 | 0.019 | 0.000 | 0.500 | 0.000 | 0.000 | 0.097 | 0.213 | 0.183 | 0.001 | 0.000 |
| false_neg  | 0.005 | 1.000 | c7877c2200b9fafa28f3304612556093 | 0.000 | 0.500 | 0.000 | 0.500 | 0.273 | 0.053 | 0.002 | 0.056 | 0.500 | 0.000 | 1.000 | 1.000 | 0.000 | 0.000 | 0.040 | 0.161 | 0.125 | 0.000 | 1.000 |
| false_neg  | 0.080 | 1.000 | c7a3b18b25e1b0645e38ad84fc23f35f | 0.135 | 1.000 | 1.000 | 0.500 | 0.167 | 0.027 | 0.016 | 0.073 | 0.500 | 0.000 | 0.500 | 0.500 | 0.000 | 0.000 | 0.013 | 0.198 | 0.183 | 0.001 | 1.000 |
| false_neg  | 0.144 | 1.000 | c8211a99c8292da702d57d58355bc7ec | 0.000 | 0.500 | 0.000 | 0.500 | 0.919 | 0.053 | 0.003 | 0.056 | 0.500 | 0.000 | 1.000 | 1.000 | 1.000 | 0.000 | 0.116 | 0.313 | 0.283 | 0.000 | 1.000 |
| false_neg  | 0.038 | 1.000 | c869f7f0eb766defc25b8a146837b1e7 | 0.000 | 0.500 | 0.000 | 0.500 | 0.460 | 0.053 | 0.004 | 0.056 | 0.500 | 0.000 | 1.000 | 1.000 | 1.000 | 0.000 | 0.079 | 0.141 | 0.283 | 0.000 | 1.000 |
| false_neg  | 0.007 | 1.000 | c86ead38140cf66e2b879e52be7e68b1 | 0.000 | 0.500 | 0.000 | 0.500 | 0.279 | 0.053 | 0.026 | 0.056 | 0.500 | 0.000 | 1.000 | 1.000 | 0.000 | 0.000 | 0.367 | 0.160 | 0.132 | 0.000 | 1.000 |
| false_neg  | 0.008 | 1.000 | c8fff83568284351d87a8258d6cb5ca3 | 0.178 | 0.500 | 0.000 | 0.500 | 0.167 | 0.003 | 0.001 | 0.007 | 0.500 | 0.000 | 0.000 | 0.000 | 0.000 | 0.000 | 0.002 | 0.213 | 0.183 | 0.000 | 1.000 |
| false_neg  | 0.004 | 1.000 | c9a768f39ce8a76168c02639d625c179 | 0.120 | 0.500 | 0.000 | 0.500 | 0.008 | 0.026 | 0.000 | 0.030 | 0.500 | 0.000 | 0.000 | 0.500 | 0.000 | 0.001 | 0.005 | 0.213 | 0.183 | 0.001 | 0.000 |
| false_neg  | 0.227 | 1.000 | c9e4d8556c070d903cb8b58cfa57e90a | 0.129 | 0.500 | 1.000 | 1.000 | 0.167 | 0.016 | 0.007 | 0.038 | 0.500 | 0.000 | 0.500 | 1.000 | 0.000 | 0.000 | 0.002 | 0.166 | 0.137 | 0.011 | 1.000 |
| false_neg  | 0.150 | 1.000 | cb39516d2c3afe58d7be19b53480ca3d | 0.060 | 1.000 | 1.000 | 1.000 | 0.167 | 0.057 | 0.002 | 0.149 | 0.500 | 0.000 | 1.000 | 1.000 | 0.000 | 0.000 | 0.000 | 0.198 | 0.190 | 0.001 | 1.000 |
| false_neg  | 0.008 | 1.000 | cb641ae418a135a8dad824eabe946553 | 0.000 | 0.500 | 0.000 | 0.500 | 0.460 | 0.053 | 0.012 | 0.056 | 0.500 | 0.000 | 1.000 | 1.000 | 0.000 | 0.000 | 0.083 | 0.213 | 0.183 | 0.000 | 1.000 |
| false_neg  | 0.016 | 1.000 | cbf23adf34c10045158dced94a3428f3 | 0.000 | 0.500 | 0.000 | 0.500 | 0.061 | 0.053 | 0.001 | 0.056 | 0.500 | 0.000 | 0.500 | 0.500 | 1.000 | 0.001 | 0.011 | 0.213 | 0.183 | 0.000 | 1.000 |
| false_neg  | 0.012 | 1.000 | cbf6ca1912538064100cebcaccddb98c | 0.000 | 0.500 | 0.000 | 0.500 | 0.447 | 0.053 | 0.013 | 0.056 | 0.500 | 0.000 | 0.000 | 0.500 | 0.000 | 0.000 | 0.021 | 0.213 | 0.183 | 0.000 | 1.000 |
| false_neg  | 0.004 | 1.000 | cd58d16d50e277579854dd17c921b9de | 0.000 | 0.500 | 0.000 | 0.500 | 0.211 | 0.053 | 0.028 | 0.056 | 0.500 | 0.000 | 1.000 | 1.000 | 0.000 | 0.000 | 0.028 | 0.134 | 0.110 | 0.000 | 1.000 |
| false_neg  | 0.018 | 1.000 | cd5be551276aa2af88b58c472fff7a18 | 0.000 | 0.500 | 0.000 | 0.500 | 0.473 | 0.053 | 0.022 | 0.056 | 0.500 | 0.000 | 0.500 | 0.500 | 0.000 | 0.000 | 0.426 | 0.158 | 0.285 | 0.000 | 1.000 |
| false_neg  | 0.037 | 1.000 | cdbd831feca95c398f43142ed805b9f0 | 0.036 | 0.500 | 1.000 | 0.000 | 0.167 | 0.071 | 0.021 | 0.135 | 0.500 | 0.000 | 0.500 | 0.500 | 0.000 | 0.000 | 0.007 | 0.166 | 0.135 | 0.001 | 1.000 |
| false_neg  | 0.005 | 1.000 | cf252a328aef73ade30c56ee55e350d5 | 0.000 | 0.500 | 0.000 | 0.500 | 0.238 | 0.053 | 0.000 | 0.056 | 0.500 | 0.000 | 0.000 | 1.000 | 0.000 | 0.000 | 0.002 | 0.152 | 0.108 | 0.000 | 1.000 |
| false_neg  | 0.014 | 1.000 | d07b2b609dcae0728451a9ae86ff681c | 0.076 | 0.500 | 0.000 | 1.000 | 0.167 | 0.053 | 0.005 | 0.056 | 0.500 | 0.000 | 1.000 | 0.500 | 0.000 | 0.002 | 0.002 | 0.213 | 0.183 | 0.000 | 1.000 |
| false_neg  | 0.061 | 1.000 | d0d2e87e0075017b4e7442a64f621964 | 0.097 | 0.500 | 1.000 | 0.500 | 0.040 | 0.037 | 0.005 | 0.103 | 0.500 | 0.002 | 1.000 | 1.000 | 0.000 | 0.000 | 0.003 | 0.199 | 0.183 | 0.001 | 0.000 |
| false_neg  | 0.038 | 1.000 | d1bbc7b2f2bbbc2bc35870a80878849f | 0.000 | 0.500 | 0.000 | 0.500 | 0.460 | 0.053 | 0.005 | 0.056 | 0.500 | 0.000 | 1.000 | 1.000 | 1.000 | 0.000 | 0.081 | 0.141 | 0.283 | 0.000 | 1.000 |
| false_neg  | 0.017 | 1.000 | d232d1281011057ab279c0cb96d6f8e5 | 0.037 | 0.500 | 0.000 | 1.000 | 0.110 | 0.063 | 0.058 | 0.132 | 0.500 | 0.009 | 0.000 | 0.500 | 0.000 | 0.000 | 0.037 | 0.213 | 0.183 | 0.001 | 0.000 |
| false_neg  | 0.004 | 1.000 | d4e1b70e6a872dbf2a71cbf5ae0f3211 | 0.000 | 0.500 | 0.000 | 0.500 | 0.089 | 0.053 | 0.006 | 0.056 | 0.500 | 0.000 | 0.500 | 0.500 | 0.000 | 0.000 | 0.020 | 0.213 | 0.183 | 0.000 | 1.000 |
| false_neg  | 0.028 | 1.000 | d563227bb9a024c5c7afa2d9c118400a | 0.004 | 0.500 | 1.000 | 0.000 | 0.046 | 0.011 | 0.100 | 0.043 | 0.500 | 0.004 | 0.500 | 0.500 | 0.000 | 0.000 | 0.069 | 0.160 | 0.118 | 0.001 | 0.000 |
| false_neg  | 0.050 | 1.000 | d58ab24d018798dfcaf05bcaa31b9ec2 | 0.000 | 0.500 | 0.000 | 0.500 | 0.460 | 0.053 | 0.011 | 0.056 | 0.500 | 0.000 | 0.000 | 1.000 | 1.000 | 0.000 | 0.170 | 0.141 | 0.283 | 0.000 | 1.000 |
| false_neg  | 0.024 | 1.000 | d5ec9a04b8fc0411aef7dcce825f2e21 | 0.119 | 0.500 | 1.000 | 0.000 | 0.056 | 0.035 | 0.004 | 0.085 | 0.500 | 0.005 | 0.500 | 1.000 | 0.000 | 0.000 | 0.004 | 0.213 | 0.183 | 0.002 | 0.000 |
| false_neg  | 0.001 | 1.000 | d5fa3d4dbf687920463eb0d4aae53e21 | 0.024 | 0.500 | 0.000 | 0.000 | 0.167 | 0.094 | 0.019 | 0.197 | 0.500 | 0.000 | 0.500 | 1.000 | 0.000 | 0.000 | 0.003 | 0.142 | 0.112 | 0.001 | 1.000 |
| false_neg  | 0.010 | 1.000 | d606f7476e07627851eacfeed6bed67a | 0.000 | 0.500 | 0.000 | 0.500 | 0.473 | 0.053 | 0.002 | 0.056 | 0.500 | 0.000 | 0.000 | 1.000 | 0.000 | 0.000 | 0.028 | 0.213 | 0.190 | 0.000 | 1.000 |
| false_neg  | 0.008 | 1.000 | d6732301acda8a85907ff474ecad8652 | 0.023 | 0.500 | 0.000 | 0.500 | 0.167 | 0.177 | 0.005 | 0.171 | 0.500 | 0.000 | 0.000 | 0.000 | 0.000 | 0.000 | 0.005 | 0.213 | 0.183 | 0.000 | 1.000 |
| false_neg  | 0.189 | 1.000 | d6c6bdadbbcfe0f16f31ddfa76868d5c | 0.213 | 0.500 | 1.000 | 1.000 | 0.016 | 0.016 | 0.003 | 0.063 | 0.500 | 0.002 | 0.500 | 1.000 | 0.000 | 0.000 | 0.009 | 0.195 | 0.183 | 0.002 | 0.000 |
| false_neg  | 0.006 | 1.000 | d72019635fcb518e1a55d0e483a66720 | 0.054 | 0.500 | 0.000 | 0.500 | 0.052 | 0.079 | 0.038 | 0.077 | 0.500 | 0.001 | 0.000 | 0.000 | 0.000 | 0.000 | 0.024 | 0.213 | 0.183 | 0.001 | 0.000 |
| false_neg  | 0.132 | 1.000 | d758e69c5a2ec57cf19661678d1f2833 | 0.014 | 0.500 | 1.000 | 0.500 | 0.167 | 0.167 | 0.019 | 0.445 | 0.500 | 0.000 | 0.000 | 0.500 | 0.000 | 0.000 | 0.002 | 0.198 | 0.190 | 0.001 | 1.000 |
| false_neg  | 0.009 | 1.000 | d7996385b2460f5da70bc5b5b605891b | 0.000 | 0.500 | 0.000 | 0.500 | 0.349 | 0.053 | 0.018 | 0.056 | 0.500 | 0.000 | 0.500 | 0.500 | 0.000 | 0.000 | 0.123 | 0.186 | 0.148 | 0.000 | 1.000 |
| false_neg  | 0.008 | 1.000 | d7d69e6ddfdecb66e29e5d5f1949c763 | 0.000 | 0.500 | 0.000 | 0.500 | 0.281 | 0.053 | 0.008 | 0.056 | 0.500 | 0.000 | 0.000 | 0.500 | 0.000 | 0.000 | 0.123 | 0.161 | 0.130 | 0.000 | 1.000 |
| false_neg  | 0.051 | 1.000 | d8bff40d180b9fc6f026bdf81e1c0ba5 | 0.000 | 0.500 | 0.000 | 0.500 | 0.460 | 0.053 | 0.003 | 0.056 | 0.500 | 0.000 | 0.500 | 0.500 | 1.000 | 0.000 | 0.024 | 0.142 | 0.283 | 0.000 | 1.000 |
| false_neg  | 0.014 | 1.000 | d8e12c9528489949b5290ebab12e1bae | 0.000 | 0.500 | 0.000 | 0.500 | 0.481 | 0.053 | 0.006 | 0.056 | 0.500 | 0.000 | 0.000 | 0.500 | 0.000 | 0.000 | 0.061 | 0.146 | 0.283 | 0.000 | 1.000 |
| false_neg  | 0.002 | 1.000 | d92e899b0907c935e51da346441fe03f | 0.059 | 0.000 | 0.000 | 0.000 | 0.167 | 0.071 | 0.038 | 0.098 | 0.500 | 0.000 | 0.500 | 0.500 | 0.000 | 0.000 | 0.004 | 0.213 | 0.183 | 0.001 | 1.000 |
| false_neg  | 0.002 | 1.000 | d9d59863114c0e3dd70a00559fa440c9 | 0.001 | 0.500 | 0.000 | 0.500 | 0.041 | 0.017 | 0.005 | 0.025 | 0.500 | 0.000 | 1.000 | 1.000 | 0.000 | 0.003 | 0.037 | 0.067 | 0.101 | 0.001 | 0.000 |
| false_neg  | 0.045 | 1.000 | da975ff715a3d8ffe8143d94d621aa51 | 0.000 | 0.500 | 0.000 | 0.500 | 0.460 | 0.053 | 0.014 | 0.056 | 0.500 | 0.000 | 1.000 | 1.000 | 1.000 | 0.000 | 0.211 | 0.213 | 0.183 | 0.000 | 1.000 |
| false_neg  | 0.173 | 1.000 | dab670f904564b76c3463a4343594126 | 0.026 | 0.500 | 1.000 | 1.000 | 0.024 | 0.077 | 0.011 | 0.196 | 0.500 | 0.002 | 0.500 | 1.000 | 0.000 | 0.000 | 0.005 | 0.198 | 0.190 | 0.001 | 0.000 |
| false_neg  | 0.080 | 1.000 | db4e624c09fc88e86d4bf43f4486c1a4 | 0.076 | 0.500 | 1.000 | 0.500 | 0.167 | 0.053 | 0.017 | 0.056 | 0.500 | 0.000 | 1.000 | 1.000 | 0.000 | 0.002 | 0.008 | 0.210 | 0.199 | 0.001 | 1.000 |
| false_neg  | 0.008 | 1.000 | dd271df098156eadd12e0bffdf1a0d4a | 0.013 | 0.500 | 0.000 | 0.500 | 0.344 | 0.003 | 0.002 | 0.012 | 0.500 | 0.000 | 0.500 | 0.500 | 0.000 | 0.000 | 0.020 | 0.213 | 0.183 | 0.006 | 0.000 |
| false_neg  | 0.279 | 1.000 | def0676e73bc1478bf88311ae36d4af5 | 0.072 | 0.500 | 1.000 | 1.000 | 0.167 | 0.052 | 0.012 | 0.153 | 0.500 | 0.000 | 0.500 | 0.500 | 0.000 | 0.000 | 0.006 | 0.198 | 0.190 | 0.002 | 1.000 |
| false_neg  | 0.002 | 1.000 | df0e594aa2f94617c8eaaec3a1632305 | 0.000 | 1.000 | 0.000 | 0.500 | 0.037 | 0.053 | 0.015 | 0.056 | 0.500 | 0.000 | 0.500 | 0.500 | 0.000 | 0.002 | 0.056 | 0.213 | 0.183 | 0.000 | 1.000 |
| false_neg  | 0.009 | 1.000 | e07a803b8e9e15b70d025e49ffbf587f | 0.000 | 0.500 | 0.000 | 0.500 | 0.461 | 0.053 | 0.006 | 0.056 | 0.500 | 0.000 | 0.000 | 1.000 | 0.000 | 0.000 | 0.025 | 0.139 | 0.283 | 0.000 | 1.000 |
| false_neg  | 0.016 | 1.000 | e16b4d5605d7ecd2116f96109ee5967e | 0.000 | 0.500 | 0.000 | 0.500 | 0.459 | 0.053 | 0.016 | 0.056 | 0.500 | 0.000 | 0.000 | 0.500 | 0.000 | 0.000 | 0.251 | 0.213 | 0.183 | 0.000 | 1.000 |
| false_neg  | 0.012 | 1.000 | e18d1a70951049afa3a87a37ebb33fc4 | 0.000 | 0.500 | 0.000 | 0.500 | 0.275 | 0.053 | 0.045 | 0.056 | 0.500 | 0.000 | 1.000 | 0.500 | 0.000 | 0.000 | 0.626 | 0.161 | 0.127 | 0.000 | 1.000 |
| false_neg  | 0.009 | 1.000 | e21a2f5b0bd18d7d1936ee14af722560 | 0.070 | 1.000 | 0.000 | 0.000 | 0.392 | 0.054 | 0.004 | 0.143 | 0.500 | 0.001 | 0.500 | 1.000 | 1.000 | 0.000 | 0.013 | 0.195 | 0.164 | 0.002 | 0.000 |
| false_neg  | 0.011 | 1.000 | e22f195e2f6b8ac63034b26a80f876fd | 0.000 | 0.500 | 0.000 | 0.500 | 0.490 | 0.053 | 0.014 | 0.056 | 0.500 | 0.000 | 0.000 | 1.000 | 0.000 | 0.000 | 0.101 | 0.150 | 0.292 | 0.000 | 1.000 |
| false_neg  | 0.028 | 1.000 | e32ea7992fc092db6603742401a1a844 | 0.066 | 0.500 | 1.000 | 0.000 | 0.085 | 0.028 | 0.020 | 0.067 | 0.500 | 0.023 | 1.000 | 0.500 | 0.000 | 0.000 | 0.006 | 0.158 | 0.114 | 0.001 | 0.000 |
| false_neg  | 0.003 | 1.000 | e357e9c94d61897926fb2feb49ad5c82 | 0.076 | 1.000 | 0.000 | 0.500 | 0.167 | 0.053 | 0.016 | 0.056 | 0.500 | 0.000 | 0.500 | 0.500 | 0.000 | 0.002 | 0.012 | 0.188 | 0.175 | 0.000 | 1.000 |
| false_neg  | 0.210 | 1.000 | e3df65c8481ecd9b72f072a065bac4a6 | 0.108 | 0.500 | 1.000 | 1.000 | 0.040 | 0.017 | 0.005 | 0.042 | 0.500 | 0.001 | 1.000 | 0.500 | 0.000 | 0.000 | 0.006 | 0.197 | 0.183 | 0.077 | 0.000 |
| false_neg  | 0.003 | 1.000 | e403c945b3156a0afff30bc6e9b5a652 | 0.000 | 1.000 | 0.000 | 0.500 | 0.235 | 0.053 | 0.024 | 0.056 | 0.500 | 0.000 | 1.000 | 1.000 | 0.000 | 0.000 | 0.034 | 0.138 | 0.117 | 0.000 | 1.000 |
| false_neg  | 0.182 | 1.000 | e4d437e678dc3c9da8b6695d3ff8d7e2 | 0.101 | 0.500 | 1.000 | 0.500 | 0.053 | 0.031 | 1.000 | 0.076 | 0.500 | 0.013 | 0.500 | 0.500 | 0.000 | 0.000 | 0.529 | 0.191 | 0.164 | 0.001 | 0.000 |
| false_neg  | 0.003 | 1.000 | e52c862fe0b09a52c94dee89141925eb | 0.070 | 0.500 | 0.000 | 0.500 | 0.018 | 0.048 | 0.061 | 0.076 | 0.500 | 0.010 | 0.500 | 1.000 | 0.000 | 0.000 | 0.011 | 0.213 | 0.183 | 0.001 | 0.000 |
| false_neg  | 0.002 | 1.000 | e53f96b5ad464fdef39fb71609db03db | 0.076 | 0.500 | 0.000 | 0.000 | 0.167 | 0.053 | 0.006 | 0.056 | 0.500 | 0.000 | 0.500 | 0.500 | 0.000 | 0.002 | 0.034 | 0.141 | 0.283 | 1.000 | 1.000 |
| false_neg  | 0.015 | 1.000 | e6c925cf327a2c0d5dd8a273b479685b | 0.042 | 0.500 | 0.000 | 1.000 | 0.167 | 0.045 | 0.013 | 0.094 | 0.500 | 0.000 | 0.500 | 0.500 | 0.000 | 0.000 | 0.003 | 0.213 | 0.183 | 0.001 | 1.000 |
| false_neg  | 0.033 | 1.000 | e895ce84887ef12ca86962c39723d85a | 0.004 | 0.500 | 0.000 | 0.500 | 0.474 | 0.011 | 0.049 | 0.010 | 0.000 | 0.000 | 0.000 | 0.500 | 0.000 | 0.000 | 0.827 | 0.213 | 0.183 | 0.000 | 0.000 |
| false_neg  | 0.010 | 1.000 | e8f7d88123c5ff119bc19abb056c1974 | 0.000 | 0.500 | 0.000 | 0.500 | 0.456 | 0.053 | 0.004 | 0.056 | 0.500 | 0.000 | 0.000 | 1.000 | 0.000 | 0.000 | 0.083 | 0.142 | 0.283 | 0.000 | 1.000 |
| false_neg  | 0.027 | 1.000 | e97de32fd18620e1783f90e857325327 | 0.000 | 1.000 | 0.000 | 0.500 | 0.460 | 0.053 | 0.021 | 0.056 | 0.500 | 0.000 | 1.000 | 1.000 | 1.000 | 0.000 | 0.135 | 0.141 | 0.283 | 0.000 | 1.000 |
| false_neg  | 0.002 | 1.000 | e9f522d01e7c70ee6f319e036e52ec3d | 0.352 | 0.500 | 0.000 | 0.000 | 0.009 | 0.012 | 0.000 | 0.009 | 0.500 | 0.006 | 0.000 | 0.000 | 0.000 | 0.000 | 0.009 | 0.213 | 0.425 | 0.001 | 0.000 |
| false_neg  | 0.216 | 1.000 | ea39e27c9f976838588e323c8ee79c7f | 0.253 | 0.500 | 1.000 | 1.000 | 0.057 | 0.013 | 0.006 | 0.047 | 0.500 | 0.007 | 0.500 | 1.000 | 0.000 | 0.000 | 0.008 | 0.198 | 0.190 | 0.001 | 0.000 |
| false_neg  | 0.011 | 1.000 | eafe6dbc9ae7e97690a869d528150f88 | 0.000 | 0.500 | 0.000 | 0.500 | 0.438 | 0.053 | 0.013 | 0.056 | 0.500 | 0.000 | 0.500 | 0.500 | 0.000 | 0.000 | 0.099 | 0.208 | 0.176 | 0.000 | 1.000 |
| false_neg  | 0.005 | 1.000 | eb988505718a60d6f8dec61f5f4223ae | 0.069 | 0.500 | 0.000 | 0.500 | 0.167 | 0.036 | 0.034 | 0.077 | 0.500 | 0.000 | 0.500 | 0.500 | 0.000 | 0.000 | 0.009 | 0.213 | 0.183 | 0.001 | 1.000 |
| false_neg  | 0.004 | 1.000 | ec4669a72f5fe5e67d6f17dce2e0e936 | 0.000 | 0.500 | 0.000 | 0.500 | 0.174 | 0.053 | 0.014 | 0.056 | 0.500 | 0.000 | 1.000 | 1.000 | 0.000 | 0.000 | 0.126 | 0.120 | 0.091 | 0.000 | 1.000 |
| false_neg  | 0.001 | 1.000 | ec932748ed8dc56134253c82d61c101d | 0.196 | 0.500 | 0.000 | 0.000 | 0.002 | 0.007 | 0.026 | 0.014 | 0.500 | 0.083 | 0.000 | 0.500 | 0.000 | 0.000 | 0.006 | 0.213 | 0.183 | 0.000 | 0.000 |
| false_neg  | 0.012 | 1.000 | ecd6fdc5a6653c95afdd64ec9e93c261 | 0.045 | 0.500 | 0.000 | 0.500 | 0.460 | 0.057 | 0.011 | 0.063 | 0.500 | 0.001 | 1.000 | 0.500 | 0.000 | 0.000 | 0.064 | 0.213 | 0.183 | 0.000 | 0.000 |
| false_neg  | 0.004 | 1.000 | edb0eb6ddc78c447bd8c180647e90f06 | 0.049 | 0.500 | 0.000 | 0.500 | 0.167 | 0.085 | 0.007 | 0.153 | 0.500 | 0.000 | 0.500 | 1.000 | 0.000 | 0.000 | 0.010 | 0.213 | 0.183 | 0.001 | 1.000 |
| false_neg  | 0.004 | 1.000 | ede84fb49173605116a56ea40a537b1f | 0.057 | 0.500 | 0.000 | 0.500 | 0.006 | 0.065 | 0.030 | 0.131 | 0.500 | 0.001 | 0.500 | 0.500 | 0.000 | 0.000 | 0.006 | 0.213 | 0.183 | 0.001 | 0.000 |
| false_neg  | 0.035 | 1.000 | ee1ad9653dd44a1f70f6ec4a7e60d2ee | 0.000 | 0.500 | 0.000 | 0.500 | 0.460 | 0.053 | 0.000 | 0.056 | 0.500 | 0.000 | 1.000 | 1.000 | 1.000 | 0.000 | 0.006 | 0.142 | 0.283 | 0.000 | 1.000 |
| false_neg  | 0.001 | 1.000 | ee5789708447b04d25a82b9c953e3872 | 0.050 | 0.500 | 0.000 | 0.000 | 0.005 | 0.062 | 0.048 | 0.075 | 0.500 | 0.005 | 0.500 | 0.500 | 0.000 | 0.000 | 0.013 | 0.213 | 0.183 | 0.000 | 0.000 |
| false_neg  | 0.004 | 1.000 | ee70bf5d1fb00e0a509069f73f8bede6 | 0.163 | 0.500 | 0.000 | 0.500 | 0.000 | 0.014 | 0.001 | 0.017 | 0.500 | 0.001 | 0.000 | 0.500 | 0.000 | 0.000 | 0.001 | 0.213 | 0.183 | 0.001 | 0.000 |
| false_neg  | 0.095 | 1.000 | eefe3fa209a526522a9aeadf8322bc61 | 0.004 | 0.500 | 1.000 | 0.500 | 0.167 | 0.011 | 0.022 | 0.042 | 0.500 | 0.000 | 0.500 | 0.500 | 0.000 | 0.000 | 0.003 | 0.160 | 0.120 | 0.001 | 1.000 |
| false_neg  | 0.035 | 1.000 | f0140465484930a469c8e08be23b107b | 0.106 | 0.500 | 1.000 | 0.000 | 0.167 | 0.033 | 0.007 | 0.096 | 0.500 | 0.000 | 1.000 | 0.500 | 0.000 | 0.000 | 0.004 | 0.196 | 0.183 | 0.001 | 1.000 |
| false_neg  | 0.027 | 1.000 | f148681924ffba8b482ba03b953fc659 | 0.075 | 0.500 | 0.000 | 1.000 | 0.446 | 0.036 | 0.016 | 0.068 | 0.500 | 0.001 | 1.000 | 1.000 | 0.000 | 0.000 | 0.030 | 0.198 | 0.190 | 0.001 | 0.000 |
| false_neg  | 0.130 | 1.000 | f15b6372c099d06a72b025666538c241 | 0.136 | 0.500 | 1.000 | 0.500 | 0.004 | 0.019 | 0.281 | 0.026 | 0.500 | 0.003 | 0.000 | 0.000 | 0.000 | 0.000 | 0.106 | 0.213 | 0.183 | 0.001 | 0.000 |
| false_neg  | 0.193 | 1.000 | f1d3bdc3d45764fc809bd7015b72248d | 0.116 | 0.500 | 1.000 | 1.000 | 0.001 | 0.029 | 0.006 | 0.090 | 0.500 | 0.001 | 1.000 | 0.500 | 0.000 | 0.000 | 0.003 | 0.213 | 0.183 | 0.001 | 0.000 |
| false_neg  | 0.051 | 1.000 | f38ccb69dd13881758c931c1d6964024 | 0.000 | 0.500 | 0.000 | 0.500 | 0.460 | 0.053 | 0.000 | 0.056 | 0.500 | 0.000 | 0.500 | 0.500 | 1.000 | 0.000 | 0.009 | 0.213 | 0.183 | 0.000 | 1.000 |
| false_neg  | 0.001 | 1.000 | f3d9b0fa39c24fec033ba0e734e71474 | 0.087 | 0.500 | 0.000 | 0.000 | 0.061 | 0.026 | 0.042 | 0.020 | 0.500 | 0.001 | 0.500 | 0.500 | 0.000 | 0.000 | 0.049 | 0.213 | 0.183 | 0.001 | 0.000 |
| false_neg  | 0.032 | 1.000 | f5180baf64f53dd75d55deeb839d5870 | 0.000 | 0.500 | 0.000 | 0.500 | 0.419 | 0.053 | 0.041 | 0.056 | 0.500 | 0.000 | 0.000 | 0.500 | 0.000 | 0.000 | 0.954 | 0.205 | 0.168 | 0.000 | 1.000 |
| false_neg  | 0.004 | 1.000 | f55460bedbcccaac6b5834d3763eea95 | 0.043 | 1.000 | 0.000 | 0.500 | 0.167 | 0.034 | 0.008 | 0.069 | 1.000 | 0.000 | 0.000 | 0.500 | 0.000 | 0.000 | 0.004 | 0.213 | 0.183 | 0.001 | 1.000 |
| false_neg  | 0.105 | 1.000 | f61b8105f652db1d89aba80ca62987a0 | 0.064 | 0.500 | 1.000 | 0.500 | 0.167 | 0.033 | 0.010 | 0.096 | 0.500 | 0.000 | 0.500 | 0.500 | 0.000 | 0.000 | 0.005 | 0.162 | 0.120 | 0.001 | 1.000 |
| false_neg  | 0.065 | 1.000 | f677954aab79b144b33a8539a80b5021 | 0.052 | 1.000 | 1.000 | 0.500 | 0.059 | 0.042 | 0.308 | 0.083 | 0.500 | 0.084 | 0.500 | 0.500 | 0.000 | 0.000 | 0.039 | 0.166 | 0.126 | 0.000 | 0.000 |
| false_neg  | 0.098 | 1.000 | f6d2282e1aa5ff337ec129a553535e67 | 0.042 | 0.500 | 1.000 | 0.500 | 0.167 | 0.055 | 0.024 | 0.146 | 0.500 | 0.000 | 1.000 | 0.500 | 0.000 | 0.000 | 0.004 | 0.198 | 0.190 | 0.001 | 1.000 |
| false_neg  | 0.080 | 1.000 | f71dedfba50196088da36029d5118e67 | 0.081 | 0.500 | 1.000 | 0.500 | 0.060 | 0.039 | 0.124 | 0.095 | 0.500 | 0.002 | 0.500 | 1.000 | 0.000 | 0.000 | 0.123 | 0.150 | 0.131 | 0.002 | 0.000 |
| false_neg  | 0.012 | 1.000 | f837b4408686396206c62d1ace780b51 | 0.000 | 0.500 | 0.000 | 0.500 | 0.290 | 0.057 | 0.013 | 0.086 | 0.500 | 0.000 | 0.000 | 0.000 | 0.000 | 0.000 | 0.092 | 0.177 | 0.161 | 0.000 | 0.000 |
| false_neg  | 0.065 | 1.000 | f8fa28b2f107fc244c57930bf7828f87 | 0.161 | 0.500 | 1.000 | 0.500 | 0.043 | 0.022 | 0.030 | 0.076 | 0.500 | 0.083 | 1.000 | 1.000 | 0.000 | 0.000 | 0.004 | 0.199 | 0.183 | 0.001 | 0.000 |
| false_neg  | 0.050 | 1.000 | f9b5bc82a4474e7ffbc77bc95e1b3d38 | 0.131 | 1.000 | 1.000 | 0.500 | 0.023 | 0.019 | 0.123 | 0.038 | 0.500 | 0.002 | 0.500 | 1.000 | 0.000 | 0.000 | 0.083 | 0.213 | 0.183 | 0.001 | 0.000 |
| false_neg  | 0.015 | 1.000 | f9be77329899a93052fb5bfd0a02699f | 0.000 | 0.500 | 0.000 | 0.500 | 0.639 | 0.053 | 0.020 | 0.056 | 0.500 | 0.000 | 0.500 | 1.000 | 0.000 | 0.000 | 0.079 | 0.159 | 0.372 | 0.000 | 1.000 |
| false_neg  | 0.014 | 1.000 | fa4ca1e64b37c8c2070894355f152411 | 0.000 | 0.500 | 0.000 | 0.500 | 0.419 | 0.053 | 0.017 | 0.056 | 0.500 | 0.000 | 0.000 | 0.500 | 0.000 | 0.000 | 0.228 | 0.205 | 0.168 | 0.000 | 1.000 |
| false_neg  | 0.199 | 1.000 | fa4df103505f812ee41b0a6bca445e10 | 0.076 | 0.500 | 1.000 | 1.000 | 0.001 | 0.028 | 0.022 | 0.081 | 0.500 | 0.001 | 0.500 | 0.500 | 0.000 | 0.000 | 0.005 | 0.161 | 0.121 | 0.001 | 0.000 |
| false_neg  | 0.012 | 1.000 | fa62a460b604531bfca9f6cbe43fd893 | 0.000 | 0.500 | 0.000 | 0.500 | 0.459 | 0.053 | 0.006 | 0.056 | 0.500 | 0.000 | 0.500 | 0.500 | 0.000 | 0.000 | 0.110 | 0.213 | 0.183 | 0.000 | 1.000 |
| false_neg  | 0.220 | 1.000 | fabcd583132b6eb5d12812726f17bedb | 0.046 | 0.500 | 1.000 | 1.000 | 0.167 | 0.051 | 0.019 | 0.150 | 0.500 | 0.000 | 0.500 | 1.000 | 0.000 | 0.000 | 0.005 | 0.162 | 0.120 | 0.001 | 1.000 |
| false_neg  | 0.007 | 1.000 | faf873b65b5e914dbed935e0c9f61c0c | 0.000 | 0.000 | 0.000 | 0.500 | 0.240 | 0.053 | 0.010 | 0.056 | 0.500 | 0.000 | 1.000 | 1.000 | 0.000 | 0.000 | 0.121 | 0.150 | 0.117 | 0.000 | 1.000 |
| false_neg  | 0.008 | 1.000 | fb02574c277febe3d40d22edea9d85a5 | 0.000 | 0.500 | 0.000 | 0.500 | 0.460 | 0.053 | 0.000 | 0.056 | 0.500 | 0.000 | 1.000 | 1.000 | 0.000 | 0.000 | 0.018 | 0.213 | 0.183 | 0.000 | 1.000 |
| false_neg  | 0.076 | 1.000 | fb182d390ef1f790bfe34f1702704fea | 0.301 | 0.500 | 1.000 | 0.500 | 0.017 | 0.006 | 0.001 | 0.028 | 0.500 | 0.002 | 0.500 | 1.000 | 0.000 | 0.000 | 0.013 | 0.185 | 0.166 | 0.001 | 0.000 |
| false_neg  | 0.006 | 1.000 | fb7d76c73ce7c3ec269bd53e6867a3d7 | 0.013 | 0.500 | 0.000 | 0.500 | 0.089 | 0.005 | 0.000 | 0.015 | 0.500 | 0.000 | 0.000 | 0.000 | 0.000 | 0.000 | 0.008 | 0.213 | 0.183 | 0.000 | 0.000 |
| false_neg  | 0.012 | 1.000 | fbb384f7df132af43ff37035feb49dbd | 0.000 | 0.500 | 0.000 | 0.500 | 0.056 | 0.013 | 0.009 | 0.025 | 0.500 | 0.000 | 1.000 | 1.000 | 1.000 | 0.002 | 0.051 | 0.214 | 0.198 | 0.001 | 0.000 |
| false_neg  | 0.038 | 1.000 | fc7deadabd40768dedb578ec8e588221 | 0.120 | 0.500 | 1.000 | 0.000 | 0.167 | 0.014 | 0.001 | 0.021 | 0.500 | 0.000 | 0.500 | 0.500 | 0.000 | 0.000 | 0.001 | 0.213 | 0.183 | 0.001 | 1.000 |
| false_neg  | 0.102 | 1.000 | fc87903abcffddbbedfaa1914866bd43 | 0.034 | 0.500 | 1.000 | 0.500 | 0.228 | 0.058 | 0.016 | 0.135 | 0.500 | 0.001 | 1.000 | 1.000 | 0.000 | 0.000 | 0.068 | 0.142 | 0.112 | 0.001 | 0.000 |
| false_neg  | 0.029 | 1.000 | fc8e562145775e0f802514fb6a959879 | 0.137 | 1.000 | 0.000 | 1.000 | 0.462 | 0.028 | 0.003 | 0.069 | 0.500 | 0.002 | 0.500 | 0.500 | 0.000 | 0.000 | 0.013 | 0.213 | 0.184 | 0.001 | 0.000 |
| false_neg  | 0.008 | 1.000 | fce0f7bf7c4e472dafde152f2daa9bd6 | 0.000 | 0.500 | 0.000 | 0.500 | 0.460 | 0.053 | 0.024 | 0.056 | 0.500 | 0.000 | 1.000 | 1.000 | 0.000 | 0.000 | 0.094 | 0.213 | 0.183 | 0.000 | 1.000 |
| false_neg  | 0.029 | 1.000 | fda1a9526e18c885198b9c1a2eeec218 | 0.000 | 0.500 | 0.000 | 0.500 | 0.460 | 0.053 | 0.037 | 0.056 | 0.500 | 0.000 | 0.500 | 0.500 | 0.000 | 0.000 | 0.853 | 0.213 | 0.183 | 0.000 | 1.000 |
| false_neg  | 0.037 | 1.000 | fef3a43e37b5db3fa860bb40c0498e19 | 0.000 | 0.500 | 0.000 | 0.500 | 0.460 | 0.053 | 0.006 | 0.056 | 0.500 | 0.000 | 1.000 | 1.000 | 1.000 | 0.000 | 0.072 | 0.141 | 0.283 | 0.000 | 1.000 |
| false_neg  | 0.226 | 1.000 | ff4d7a2916cbbf67803417196668d70f | 0.084 | 0.500 | 1.000 | 1.000 | 0.090 | 0.037 | 0.011 | 0.108 | 0.500 | 0.002 | 0.000 | 1.000 | 0.000 | 0.000 | 0.037 | 0.198 | 0.183 | 0.001 | 0.000 |
+------------+-------+-------+----------------------------------+-------+-------+-------+-------+-------+-------+-------+-------+-------+-------+-------+-------+-------+-------+-------+-------+-------+-------+-------+

                                                    High False Positives                                                   
+------------+------+-------+--------+---+---+---+---+---+---+---+---+---+---+----+----+----+----+----+----+----+----+----+
| error_type | pred | label | doc_id | 0 | 1 | 2 | 3 | 4 | 5 | 6 | 7 | 8 | 9 | 10 | 11 | 12 | 13 | 14 | 15 | 16 | 17 | 18 |
+------------+------+-------+--------+---+---+---+---+---+---+---+---+---+---+----+----+----+----+----+----+----+----+----+
+------------+------+-------+--------+---+---+---+---+---+---+---+---+---+---+----+----+----+----+----+----+----+----+----+

                                                      Close prediction                                                     
+------------+-------+-------+----------------------------------+-------+-------+-------+-------+-------+-------+-------+-------+-------+-------+-------+-------+-------+-------+-------+-------+-------+-------+-------+
| error_type |  pred | label |              doc_id              |   0   |   1   |   2   |   3   |   4   |   5   |   6   |   7   |   8   |   9   |   10  |   11  |   12  |   13  |   14  |   15  |   16  |   17  |   18  |
+------------+-------+-------+----------------------------------+-------+-------+-------+-------+-------+-------+-------+-------+-------+-------+-------+-------+-------+-------+-------+-------+-------+-------+-------+
| false_pos  | 0.312 | 1.000 | ff3ad6736f57cdc8ecbf70f2a80a4da6 | 0.020 | 0.500 | 1.000 | 1.000 | 0.256 | 0.055 | 0.024 | 0.155 | 0.500 | 0.000 | 1.000 | 1.000 | 0.000 | 0.000 | 0.215 | 0.160 | 0.117 | 0.000 | 0.000 |
+------------+-------+-------+----------------------------------+-------+-------+-------+-------+-------+-------+-------+-------+-------+-------+-------+-------+-------+-------+-------+-------+-------+-------+-------+