                        10-FOLD-CROSSVALIDATION
                        

                         results - trainigset:
                         
+----------+-------+-----------+--------+--------+------+-------+-------+
| accuracy |   f1  | precision | recall |   tp   |  tn  |   fp  |   fn  |
+----------+-------+-----------+--------+--------+------+-------+-------+
|  98.105  | 0.963 |   0.971   | 0.956  |  2473  |  25  |   39  |  840  |
|  98.075  | 0.963 |   0.971   | 0.954  |  2473  |  25  |   40  |  839  |
|  98.134  | 0.964 |   0.971   | 0.957  |  2473  |  25  |   38  |  841  |
|  98.164  | 0.964 |   0.978   | 0.951  |  2479  |  19  |   43  |  836  |
|  98.046  | 0.962 |   0.969   | 0.956  |  2471  |  27  |   39  |  840  |
|  98.046  | 0.962 |   0.969   | 0.956  |  2471  |  27  |   39  |  840  |
|  98.046  | 0.962 |   0.969   | 0.956  |  2472  |  27  |   39  |  840  |
|  98.017  | 0.962 |   0.971   | 0.952  |  2474  |  25  |   42  |  838  |
|  98.047  | 0.962 |   0.969   | 0.956  |  2472  |  27  |   39  |  841  |
|  98.165  | 0.964 |   0.972   | 0.957  |  2475  |  24  |   38  |  842  |
|          |       |           |        |        |      |       |       |
|  98.085  | 0.963 |   0.971   | 0.955  | 2473.3 | 25.1 |  39.6 | 839.7 |
|  0.051   | 0.001 |   0.003   | 0.002  | 2.238  | 2.3  | 1.562 | 1.616 |
+----------+-------+-----------+--------+--------+------+-------+-------+

                         results -testingset:
                          
+----------+-------+-----------+--------+-------+-------+-------+------+
| accuracy |   f1  | precision | recall |   tp  |   tn  |   fp  |  fn  |
+----------+-------+-----------+--------+-------+-------+-------+------+
|  98.404  | 0.969 |   0.969   | 0.969  |  275  |   3   |   3   |  95  |
|  98.138  | 0.963 |   0.989   | 0.939  |  277  |   1   |   6   |  92  |
|  97.340  | 0.950 |   0.923   | 0.980  |  270  |   8   |   2   |  96  |
|  97.074  | 0.944 |   0.939   | 0.949  |  272  |   6   |   5   |  93  |
|  97.872  | 0.958 |   0.989   | 0.929  |  277  |   1   |   7   |  91  |
|  98.138  | 0.964 |   0.969   | 0.959  |  275  |   3   |   4   |  94  |
|  98.133  | 0.964 |   0.979   | 0.949  |  275  |   2   |   5   |  93  |
|  98.396  | 0.969 |   0.979   | 0.959  |  275  |   2   |   4   |  93  |
|  97.861  | 0.959 |   0.949   | 0.969  |  272  |   5   |   3   |  94  |
|  97.326  | 0.947 |   0.968   | 0.928  |  274  |   3   |   7   |  90  |
|          |       |           |        |       |       |       |      |
|  97.868  | 0.959 |   0.965   | 0.953  | 274.2 |  3.4  |  4.6  | 93.1 |
|  0.446   | 0.008 |   0.021   | 0.017  | 2.135 | 2.154 | 1.625 | 1.7  |
+----------+-------+-----------+--------+-------+-------+-------+------+

                                                                                                  false-negatives-details
                                                                                                  

1:tb_score            	2:pos_bow_txt         	3:page_size_ratio     	4:pages               	
5:meta_info_author    	6:meta_info_creator   	7:meta_info_producer  	8:encrypted           	
9:orientation         	10:title               	11:author              	12:filename            	
13:folder_name         	14:folder_description  	15:description         	16:neg_bow_txt         	
17:resolution          	18:pos_author          	19:pos_creator         	20:pos_producer        	
21:neg_author          	22:neg_creator         	23:neg_producer        	

trainingset:
+----------------------------------+-------+-------+-------+-------+-------+-------+-------+-------+-------+-------+-------+-------+-------+-------+-------+-------+-------+-------+-------+-------+-------+-------+-------+
|                0                 |   1   |   2   |   3   |   4   |   5   |   6   |   7   |   8   |   9   |   10  |   11  |   12  |   13  |   14  |   15  |   16  |   17  |   18  |   19  |   20  |   21  |   22  |   23  |
+----------------------------------+-------+-------+-------+-------+-------+-------+-------+-------+-------+-------+-------+-------+-------+-------+-------+-------+-------+-------+-------+-------+-------+-------+-------+
| 6577aae2e9b90fc532e5a6dbea066c17 | 0.000 | 0.000 | 0.709 | 0.017 | 1.000 | 1.000 | 1.000 | 0.000 | 0.000 | 0.276 | 0.200 | 0.296 | 0.198 | 0.290 | 0.255 | 0.000 | 0.197 | 0.042 | 0.405 | 0.300 | 0.084 | 0.370 | 0.000 |
| 9f5832a1a3eec3ef2266e523f85c4322 | 0.019 | 0.005 | 0.006 | 0.003 | 1.000 | 1.000 | 1.000 | 0.000 | 1.000 | 0.306 | 0.700 | 0.273 | 0.174 | 0.254 | 0.255 | 0.004 | 0.159 | 0.042 | 0.101 | 0.800 | 0.000 | 0.000 | 0.318 |
| a1854456100d793d004064ef8ddbfef6 | 0.000 | 0.000 | 0.007 | 0.001 | 1.000 | 0.000 | 1.000 | 0.000 | 1.000 | 0.276 | 1.000 | 0.296 | 0.198 | 0.290 | 0.255 | 0.000 | 0.091 | 0.042 | 0.684 | 0.429 | 0.000 | 0.215 | 0.207 |
| b2c277fef3fb8135223acaa5242d23f8 | 0.000 | 0.000 | 0.007 | 0.001 | 1.000 | 0.000 | 1.000 | 0.000 | 1.000 | 0.276 | 1.000 | 0.296 | 0.198 | 0.290 | 0.255 | 0.000 | 0.091 | 0.042 | 0.684 | 0.429 | 0.000 | 0.215 | 0.207 |
| cf252a328aef73ade30c56ee55e350d5 | 0.000 | 0.000 | 0.002 | 0.000 | 1.000 | 1.000 | 0.000 | 0.000 | 1.000 | 0.276 | 0.100 | 0.296 | 0.234 | 0.234 | 0.255 | 0.000 | 0.107 | 0.042 | 0.405 | 0.710 | 0.000 | 0.000 | 1.000 |
| 7362de318aa5142efdaf009593e827e8 | 0.000 | 0.000 | 0.018 | 0.003 | 1.000 | 1.000 | 1.000 | 0.000 | 0.000 | 0.269 | 1.000 | 0.353 | 0.198 | 0.254 | 0.255 | 0.000 | 0.213 | 0.042 | 0.171 | 0.290 | 0.000 | 0.008 | 0.066 |
| 7dcf040b38f0fe25121cc52579d2edcc | 0.127 | 0.000 | 0.007 | 0.000 | 1.000 | 0.000 | 1.000 | 0.000 | 1.000 | 0.276 | 1.000 | 0.296 | 0.198 | 0.290 | 0.255 | 0.000 | 0.139 | 0.042 | 0.684 | 0.429 | 0.000 | 0.215 | 0.207 |
| 8c659a3cade655e50d32e42259f38f73 | 0.006 | 0.020 | 0.010 | 0.028 | 1.000 | 0.000 | 1.000 | 0.000 | 1.000 | 0.276 | 0.200 | 0.296 | 0.234 | 0.234 | 0.255 | 0.017 | 0.159 | 0.040 | 0.522 | 0.800 | 0.000 | 0.244 | 0.318 |
| bcdf8821de8956dd126a271006daec69 | 0.000 | 0.000 | 0.005 | 0.000 | 0.000 | 0.000 | 1.000 | 0.000 | 1.000 | 0.276 | 0.700 | 0.296 | 0.190 | 0.290 | 0.255 | 0.000 | 0.155 | 0.040 | 0.522 | 0.800 | 0.052 | 0.244 | 0.318 |
| 5f337ebc6d0cca1071eba67b9ea17572 | 0.064 | 0.001 | 0.004 | 0.002 | 0.000 | 0.000 | 0.000 | 0.000 | 1.000 | 0.276 | 1.000 | 0.296 | 0.449 | 0.467 | 0.255 | 0.001 | 0.155 | 0.080 | 0.132 | 0.710 | 0.000 | 0.028 | 1.000 |
| 55a52645568e7eafd7f9fef2d116df26 | 0.012 | 0.009 | 0.030 | 0.011 | 1.000 | 0.000 | 0.000 | 0.000 | 1.000 | 0.276 | 0.200 | 0.296 | 0.190 | 0.254 | 0.255 | 0.007 | 0.113 | 0.042 | 0.417 | 0.695 | 0.000 | 0.077 | 0.217 |
| aa4025eb1c186149683e267f78679a7b | 0.000 | 0.000 | 0.008 | 0.000 | 1.000 | 0.000 | 1.000 | 0.000 | 1.000 | 0.276 | 0.200 | 0.296 | 0.234 | 0.234 | 0.628 | 0.000 | 0.155 | 0.042 | 0.145 | 0.033 | 0.000 | 0.008 | 0.006 |
| f63723b6fd07eac46d00e4feeb1dfc11 | 0.190 | 0.000 | 0.309 | 0.003 | 1.000 | 0.000 | 0.000 | 0.000 | 0.000 | 0.276 | 0.200 | 0.296 | 0.234 | 0.234 | 0.255 | 0.000 | 0.219 | 0.042 | 0.009 | 0.001 | 0.000 | 0.000 | 0.000 |
| aafea01de80f840e331ae15e4255672c | 0.023 | 0.004 | 0.003 | 0.007 | 0.000 | 1.000 | 1.000 | 0.000 | 1.000 | 0.276 | 0.100 | 0.296 | 0.190 | 0.254 | 0.255 | 0.001 | 0.155 | 0.120 | 0.873 | 0.800 | 0.000 | 0.568 | 0.318 |
| 116eee145a0276280e82e0081bc39130 | 0.325 | 0.000 | 0.002 | 0.000 | 1.000 | 1.000 | 1.000 | 0.000 | 1.000 | 0.276 | 0.200 | 0.296 | 0.234 | 0.234 | 0.255 | 0.000 | 0.159 | 0.042 | 0.004 | 0.687 | 0.000 | 0.000 | 0.174 |
| bff220e1e5a145edf32fbb2a25e28b60 | 0.000 | 0.000 | 0.036 | 0.005 | 1.000 | 1.000 | 0.000 | 0.000 | 1.000 | 0.276 | 0.400 | 0.296 | 0.198 | 0.290 | 0.255 | 0.000 | 0.150 | 0.042 | 0.405 | 0.710 | 0.000 | 0.000 | 1.000 |
| aca79a9f276e41c09de0498028d6fc7a | 0.576 | 0.000 | 0.009 | 0.000 | 1.000 | 0.000 | 0.000 | 0.000 | 1.000 | 0.215 | 0.400 | 0.168 | 0.198 | 0.290 | 0.255 | 0.000 | 0.155 | 0.080 | 0.522 | 0.199 | 0.000 | 0.244 | 0.324 |
| 82e4e58e7fdb6ab535896277a8ddaec6 | 0.000 | 0.000 | 0.053 | 0.005 | 1.000 | 1.000 | 0.000 | 0.000 | 1.000 | 0.276 | 0.600 | 0.296 | 0.198 | 0.290 | 0.255 | 0.000 | 0.155 | 0.042 | 0.039 | 0.710 | 0.000 | 0.000 | 1.000 |
| e9f522d01e7c70ee6f319e036e52ec3d | 0.302 | 0.000 | 0.009 | 0.000 | 0.000 | 0.000 | 0.000 | 0.000 | 0.000 | 0.276 | 0.300 | 0.296 | 0.402 | 0.762 | 0.255 | 0.000 | 0.310 | 0.240 | 0.724 | 0.142 | 0.403 | 0.912 | 0.864 |
| ad3b3d728c8e579ef31efe61b9739c8a | 0.009 | 0.010 | 0.073 | 0.026 | 0.000 | 0.000 | 0.000 | 0.000 | 1.000 | 0.464 | 0.100 | 0.311 | 0.234 | 0.234 | 0.255 | 0.003 | 0.155 | 0.040 | 0.776 | 0.157 | 0.065 | 1.000 | 0.962 |
| d4e1b70e6a872dbf2a71cbf5ae0f3211 | 0.000 | 0.000 | 0.020 | 0.003 | 0.000 | 0.000 | 1.000 | 0.000 | 1.000 | 0.276 | 1.000 | 0.296 | 0.198 | 0.290 | 0.255 | 0.000 | 0.155 | 0.120 | 0.522 | 0.800 | 0.000 | 0.244 | 0.318 |
| f39e2ed04d180820f05d6ff362aedd1c | 0.596 | 0.000 | 0.013 | 0.000 | 1.000 | 1.000 | 1.000 | 0.000 | 1.000 | 0.078 | 0.300 | 0.030 | 0.929 | 0.254 | 0.255 | 0.000 | 0.159 | 0.042 | 0.405 | 0.300 | 0.084 | 0.370 | 0.000 |
| ec4669a72f5fe5e67d6f17dce2e0e936 | 0.000 | 0.000 | 0.126 | 0.007 | 1.000 | 1.000 | 1.000 | 0.000 | 1.000 | 0.276 | 0.200 | 0.296 | 0.198 | 0.290 | 0.255 | 0.000 | 0.096 | 0.042 | 0.405 | 0.300 | 0.084 | 0.370 | 0.000 |
| b37ce79bf563844426c7452c38564acc | 0.282 | 0.000 | 0.010 | 0.000 | 0.000 | 0.000 | 0.000 | 0.000 | 1.000 | 0.276 | 0.700 | 0.296 | 0.301 | 0.254 | 0.255 | 0.000 | 0.155 | 0.040 | 0.439 | 0.199 | 0.013 | 0.102 | 0.324 |
| dfae946e4721c3470994c90bd5bd393e | 0.016 | 0.008 | 0.033 | 0.004 | 1.000 | 1.000 | 0.000 | 0.000 | 1.000 | 0.276 | 0.500 | 0.296 | 0.234 | 0.234 | 0.255 | 0.006 | 0.157 | 0.000 | 0.101 | 0.182 | 0.000 | 0.000 | 0.064 |
| c37bda9a519612b55bb51516f0c3a2bc | 0.000 | 0.000 | 0.024 | 0.002 | 0.000 | 1.000 | 1.000 | 0.000 | 1.000 | 0.276 | 0.600 | 0.296 | 0.234 | 0.234 | 0.255 | 0.000 | 0.154 | 0.080 | 0.405 | 0.000 | 0.013 | 0.000 | 0.000 |
| ecd6fdc5a6653c95afdd64ec9e93c261 | 0.051 | 0.001 | 0.064 | 0.006 | 1.000 | 0.000 | 1.000 | 0.000 | 1.000 | 0.276 | 0.100 | 0.296 | 0.190 | 0.254 | 0.255 | 0.000 | 0.155 | 0.042 | 0.145 | 0.000 | 0.000 | 0.008 | 0.000 |
| 2c376f86bcef8ab4b5cc50a2ea09f1d6 | 0.190 | 0.000 | 0.088 | 0.014 | 1.000 | 1.000 | 1.000 | 0.000 | 0.000 | 0.276 | 0.300 | 0.296 | 0.234 | 0.234 | 0.255 | 0.000 | 0.236 | 0.042 | 0.405 | 0.300 | 0.000 | 0.000 | 0.000 |
| c4f79c7d792e71fa3e0cb3fef3e45f51 | 0.190 | 0.000 | 0.033 | 0.007 | 1.000 | 1.000 | 1.000 | 1.000 | 0.746 | 0.276 | 0.400 | 0.296 | 0.190 | 0.254 | 0.255 | 0.000 | 0.000 | 0.042 | 0.405 | 0.300 | 0.084 | 0.370 | 0.000 |
| d72019635fcb518e1a55d0e483a66720 | 0.008 | 0.017 | 0.024 | 0.019 | 0.000 | 0.000 | 0.000 | 0.000 | 1.000 | 0.238 | 0.100 | 0.148 | 0.190 | 0.254 | 0.255 | 0.004 | 0.155 | 0.200 | 0.724 | 0.142 | 0.052 | 0.912 | 0.864 |
| 9d2f8c7632943be38e5560f84e6f2b47 | 0.000 | 0.000 | 0.206 | 0.000 | 0.000 | 0.000 | 0.000 | 0.000 | 1.000 | 0.276 | 0.100 | 0.296 | 0.234 | 0.234 | 0.255 | 0.000 | 0.151 | 0.120 | 0.004 | 0.710 | 0.247 | 0.000 | 1.000 |
| 9b2138371fb668f474e83b3fc299a00d | 0.000 | 0.000 | 0.107 | 0.000 | 0.000 | 0.000 | 0.000 | 0.000 | 1.000 | 0.276 | 0.100 | 0.296 | 0.234 | 0.234 | 0.255 | 0.000 | 0.155 | 0.200 | 0.061 | 0.012 | 0.260 | 0.114 | 0.033 |
| 43d5806b72fe96915293e1c46b35c88e | 0.025 | 0.004 | 0.005 | 0.004 | 1.000 | 1.000 | 1.000 | 0.000 | 1.000 | 0.276 | 0.200 | 0.296 | 0.234 | 0.234 | 0.255 | 0.003 | 0.159 | 0.042 | 0.405 | 0.300 | 0.084 | 0.370 | 0.000 |
| e5b0ee8a5519969ec70f5722a90a8019 | 0.000 | 0.000 | 0.024 | 0.001 | 1.000 | 1.000 | 0.000 | 0.000 | 1.000 | 0.276 | 0.800 | 0.296 | 0.234 | 0.234 | 0.255 | 0.000 | 0.155 | 0.042 | 0.035 | 0.710 | 0.000 | 0.000 | 1.000 |
| 6ebc8ee8fd87580ad497e0702cd490f5 | 0.556 | 0.000 | 0.029 | 0.001 | 0.000 | 0.000 | 0.000 | 0.000 | 1.000 | 0.743 | 0.100 | 0.296 | 0.234 | 0.234 | 0.255 | 0.000 | 0.155 | 0.040 | 0.724 | 0.142 | 0.000 | 0.912 | 0.864 |
| 719842bc97e0cfa52328422aa8f25a98 | 0.051 | 0.002 | 0.005 | 0.002 | 0.000 | 0.000 | 0.000 | 0.000 | 1.000 | 0.269 | 0.200 | 0.353 | 0.234 | 0.234 | 0.255 | 0.000 | 0.155 | 0.080 | 0.724 | 0.142 | 0.013 | 0.912 | 0.864 |
| 5c52e2433813f16b46264f07fed83783 | 0.324 | 0.000 | 0.001 | 0.000 | 1.000 | 0.000 | 0.000 | 0.000 | 1.000 | 0.276 | 0.800 | 0.296 | 0.198 | 0.290 | 0.255 | 0.000 | 0.155 | 0.042 | 0.061 | 0.001 | 0.000 | 0.114 | 0.081 |
| 19518b3d8c1b0184fdb2e6f442788602 | 0.190 | 0.000 | 0.048 | 0.007 | 1.000 | 1.000 | 1.000 | 0.000 | 0.000 | 0.276 | 0.300 | 0.296 | 0.234 | 0.234 | 0.255 | 0.000 | 0.234 | 0.042 | 0.405 | 0.300 | 0.000 | 0.000 | 0.000 |
| 5c56d6e30c8894211ac7e07bd7fecbb2 | 0.006 | 0.016 | 0.012 | 0.017 | 1.000 | 0.000 | 1.000 | 0.000 | 1.000 | 0.276 | 0.100 | 0.296 | 0.234 | 0.234 | 0.255 | 0.004 | 0.124 | 0.000 | 0.890 | 0.800 | 0.000 | 0.626 | 0.318 |
| b27e32917608e20b4f6f29a8b74a8f20 | 0.000 | 0.000 | 0.049 | 0.001 | 1.000 | 0.000 | 0.000 | 0.000 | 0.000 | 0.276 | 0.800 | 0.296 | 0.198 | 0.290 | 0.255 | 0.000 | 0.219 | 0.042 | 0.105 | 0.051 | 0.000 | 0.000 | 0.005 |
| 108154ed39bf509525fde8c1d3cbb339 | 0.190 | 0.000 | 0.136 | 0.020 | 1.000 | 1.000 | 0.000 | 0.000 | 0.000 | 0.269 | 0.100 | 0.353 | 0.190 | 0.254 | 0.255 | 0.000 | 0.219 | 0.042 | 0.405 | 0.695 | 0.000 | 0.000 | 0.174 |
| 2e1371cfcd980e966336f9b8e5c868e4 | 0.379 | 0.000 | 0.002 | 0.000 | 0.000 | 0.000 | 0.000 | 0.000 | 1.000 | 0.276 | 0.500 | 0.296 | 0.660 | 0.254 | 0.255 | 0.000 | 0.155 | 0.240 | 0.724 | 0.142 | 0.039 | 0.912 | 0.864 |
| 801f3c29eef1891298a2d041692dfc39 | 0.000 | 0.000 | 0.081 | 0.002 | 1.000 | 1.000 | 0.000 | 0.000 | 1.000 | 0.276 | 0.100 | 0.296 | 0.198 | 0.290 | 0.255 | 0.000 | 0.155 | 0.042 | 0.405 | 0.710 | 0.000 | 0.000 | 1.000 |
| c8fff83568284351d87a8258d6cb5ca3 | 0.400 | 0.000 | 0.002 | 0.000 | 0.000 | 0.000 | 0.000 | 0.000 | 1.000 | 0.582 | 0.100 | 0.296 | 0.234 | 0.234 | 0.255 | 0.000 | 0.155 | 0.040 | 0.724 | 0.142 | 0.013 | 0.912 | 0.864 |
| b4b718311fd6a0f00a7716a53192b57a | 0.214 | 0.000 | 0.000 | 0.000 | 0.000 | 1.000 | 1.000 | 0.000 | 1.000 | 0.276 | 0.200 | 0.296 | 0.190 | 0.254 | 0.255 | 0.000 | 0.159 | 0.040 | 0.873 | 0.800 | 0.000 | 0.568 | 0.318 |
| fc8278775cf12fdf84e88493f8efc645 | 0.114 | 0.001 | 0.026 | 0.016 | 0.000 | 0.000 | 0.000 | 0.000 | 0.000 | 0.276 | 0.200 | 0.296 | 0.198 | 0.290 | 0.255 | 0.000 | 0.188 | 0.040 | 0.368 | 0.094 | 0.039 | 0.802 | 0.780 |
| a91e0e97c67e7f80d9c0bcc9bda3643e | 0.087 | 0.000 | 0.006 | 0.004 | 0.000 | 0.000 | 1.000 | 0.000 | 1.000 | 0.276 | 0.100 | 0.443 | 0.234 | 0.234 | 0.255 | 0.000 | 0.155 | 0.040 | 0.890 | 0.429 | 0.000 | 0.626 | 0.207 |
| 37e1f7f3dd90d7a64d0668379b09ad2c | 0.000 | 0.000 | 0.067 | 0.003 | 1.000 | 0.000 | 0.000 | 0.000 | 0.000 | 0.276 | 0.800 | 0.296 | 0.198 | 0.290 | 0.255 | 0.000 | 0.219 | 0.042 | 0.105 | 0.051 | 0.000 | 0.000 | 0.005 |
| 6416b391de9d26effded88d916cb6caf | 0.007 | 0.015 | 0.373 | 0.018 | 1.000 | 0.000 | 1.000 | 0.000 | 1.000 | 0.276 | 1.000 | 0.296 | 0.234 | 0.234 | 0.255 | 0.004 | 0.141 | 0.042 | 0.114 | 0.452 | 0.000 | 0.000 | 0.211 |
| 0b2529b903b3aee453daddbc674918bf | 0.190 | 0.000 | 0.022 | 0.000 | 1.000 | 0.000 | 0.000 | 0.000 | 1.000 | 0.276 | 0.200 | 0.296 | 0.300 | 0.254 | 0.255 | 0.000 | 0.155 | 0.042 | 0.013 | 0.006 | 0.000 | 0.003 | 0.010 |
| 7a19984450f44842e662f88351b6b561 | 0.005 | 0.026 | 0.137 | 0.028 | 1.000 | 1.000 | 1.000 | 0.000 | 1.000 | 0.276 | 0.300 | 0.296 | 0.234 | 0.234 | 0.255 | 0.025 | 0.155 | 0.042 | 0.035 | 0.142 | 0.000 | 0.000 | 0.009 |
+----------------------------------+-------+-------+-------+-------+-------+-------+-------+-------+-------+-------+-------+-------+-------+-------+-------+-------+-------+-------+-------+-------+-------+-------+-------+
                                                                                                        testingset:
                                                                                                        +----------------------------------+-------+-------+-------+-------+-------+-------+-------+-------+-------+-------+-------+-------+-------+-------+-------+-------+-------+-------+-------+-------+-------+-------+-------+
|                0                 |   1   |   2   |   3   |   4   |   5   |   6   |   7   |   8   |   9   |   10  |   11  |   12  |   13  |   14  |   15  |   16  |   17  |   18  |   19  |   20  |   21  |   22  |   23  |
+----------------------------------+-------+-------+-------+-------+-------+-------+-------+-------+-------+-------+-------+-------+-------+-------+-------+-------+-------+-------+-------+-------+-------+-------+-------+
| a1854456100d793d004064ef8ddbfef6 | 0.000 | 0.000 | 0.007 | 0.001 | 1.000 | 0.000 | 1.000 | 0.000 | 1.000 | 0.276 | 1.000 | 0.296 | 0.198 | 0.290 | 0.255 | 0.000 | 0.091 | 0.042 | 0.684 | 0.429 | 0.000 | 0.215 | 0.207 |
| b2c277fef3fb8135223acaa5242d23f8 | 0.000 | 0.000 | 0.007 | 0.001 | 1.000 | 0.000 | 1.000 | 0.000 | 1.000 | 0.276 | 1.000 | 0.296 | 0.198 | 0.290 | 0.255 | 0.000 | 0.091 | 0.042 | 0.684 | 0.429 | 0.000 | 0.215 | 0.207 |
| 7362de318aa5142efdaf009593e827e8 | 0.000 | 0.000 | 0.018 | 0.003 | 1.000 | 1.000 | 1.000 | 0.000 | 0.000 | 0.269 | 1.000 | 0.353 | 0.198 | 0.254 | 0.255 | 0.000 | 0.213 | 0.042 | 0.171 | 0.290 | 0.000 | 0.008 | 0.066 |
| 7dcf040b38f0fe25121cc52579d2edcc | 0.127 | 0.000 | 0.007 | 0.000 | 1.000 | 0.000 | 1.000 | 0.000 | 1.000 | 0.276 | 1.000 | 0.296 | 0.198 | 0.290 | 0.255 | 0.000 | 0.139 | 0.042 | 0.684 | 0.429 | 0.000 | 0.215 | 0.207 |
| bcdf8821de8956dd126a271006daec69 | 0.000 | 0.000 | 0.005 | 0.000 | 0.000 | 0.000 | 1.000 | 0.000 | 1.000 | 0.276 | 0.700 | 0.296 | 0.190 | 0.290 | 0.255 | 0.000 | 0.155 | 0.040 | 0.522 | 0.800 | 0.052 | 0.244 | 0.318 |
| 5f337ebc6d0cca1071eba67b9ea17572 | 0.064 | 0.001 | 0.004 | 0.002 | 0.000 | 0.000 | 0.000 | 0.000 | 1.000 | 0.276 | 1.000 | 0.296 | 0.449 | 0.467 | 0.255 | 0.001 | 0.155 | 0.080 | 0.132 | 0.710 | 0.000 | 0.028 | 1.000 |
| 55a52645568e7eafd7f9fef2d116df26 | 0.012 | 0.009 | 0.030 | 0.011 | 1.000 | 0.000 | 0.000 | 0.000 | 1.000 | 0.276 | 0.200 | 0.296 | 0.190 | 0.254 | 0.255 | 0.007 | 0.113 | 0.042 | 0.417 | 0.695 | 0.000 | 0.077 | 0.217 |
| aa4025eb1c186149683e267f78679a7b | 0.000 | 0.000 | 0.008 | 0.000 | 1.000 | 0.000 | 1.000 | 0.000 | 1.000 | 0.276 | 0.200 | 0.296 | 0.234 | 0.234 | 0.628 | 0.000 | 0.155 | 0.042 | 0.145 | 0.033 | 0.000 | 0.008 | 0.006 |
| f63723b6fd07eac46d00e4feeb1dfc11 | 0.190 | 0.000 | 0.309 | 0.003 | 1.000 | 0.000 | 0.000 | 0.000 | 0.000 | 0.276 | 0.200 | 0.296 | 0.234 | 0.234 | 0.255 | 0.000 | 0.219 | 0.042 | 0.009 | 0.001 | 0.000 | 0.000 | 0.000 |
| aafea01de80f840e331ae15e4255672c | 0.023 | 0.004 | 0.003 | 0.007 | 0.000 | 1.000 | 1.000 | 0.000 | 1.000 | 0.276 | 0.100 | 0.296 | 0.190 | 0.254 | 0.255 | 0.001 | 0.155 | 0.120 | 0.873 | 0.800 | 0.000 | 0.568 | 0.318 |
| 116eee145a0276280e82e0081bc39130 | 0.325 | 0.000 | 0.002 | 0.000 | 1.000 | 1.000 | 1.000 | 0.000 | 1.000 | 0.276 | 0.200 | 0.296 | 0.234 | 0.234 | 0.255 | 0.000 | 0.159 | 0.042 | 0.004 | 0.687 | 0.000 | 0.000 | 0.174 |
| bff220e1e5a145edf32fbb2a25e28b60 | 0.000 | 0.000 | 0.036 | 0.005 | 1.000 | 1.000 | 0.000 | 0.000 | 1.000 | 0.276 | 0.400 | 0.296 | 0.198 | 0.290 | 0.255 | 0.000 | 0.150 | 0.042 | 0.405 | 0.710 | 0.000 | 0.000 | 1.000 |
| aca79a9f276e41c09de0498028d6fc7a | 0.576 | 0.000 | 0.009 | 0.000 | 1.000 | 0.000 | 0.000 | 0.000 | 1.000 | 0.215 | 0.400 | 0.168 | 0.198 | 0.290 | 0.255 | 0.000 | 0.155 | 0.080 | 0.522 | 0.199 | 0.000 | 0.244 | 0.324 |
| e9f522d01e7c70ee6f319e036e52ec3d | 0.302 | 0.000 | 0.009 | 0.000 | 0.000 | 0.000 | 0.000 | 0.000 | 0.000 | 0.276 | 0.300 | 0.296 | 0.402 | 0.762 | 0.255 | 0.000 | 0.310 | 0.240 | 0.724 | 0.142 | 0.403 | 0.912 | 0.864 |
| 82e4e58e7fdb6ab535896277a8ddaec6 | 0.000 | 0.000 | 0.053 | 0.005 | 1.000 | 1.000 | 0.000 | 0.000 | 1.000 | 0.276 | 0.600 | 0.296 | 0.198 | 0.290 | 0.255 | 0.000 | 0.155 | 0.042 | 0.039 | 0.710 | 0.000 | 0.000 | 1.000 |
| ad3b3d728c8e579ef31efe61b9739c8a | 0.009 | 0.010 | 0.073 | 0.026 | 0.000 | 0.000 | 0.000 | 0.000 | 1.000 | 0.464 | 0.100 | 0.311 | 0.234 | 0.234 | 0.255 | 0.003 | 0.155 | 0.040 | 0.776 | 0.157 | 0.065 | 1.000 | 0.962 |
| d4e1b70e6a872dbf2a71cbf5ae0f3211 | 0.000 | 0.000 | 0.020 | 0.003 | 0.000 | 0.000 | 1.000 | 0.000 | 1.000 | 0.276 | 1.000 | 0.296 | 0.198 | 0.290 | 0.255 | 0.000 | 0.155 | 0.120 | 0.522 | 0.800 | 0.000 | 0.244 | 0.318 |
| f39e2ed04d180820f05d6ff362aedd1c | 0.596 | 0.000 | 0.013 | 0.000 | 1.000 | 1.000 | 1.000 | 0.000 | 1.000 | 0.078 | 0.300 | 0.030 | 0.929 | 0.254 | 0.255 | 0.000 | 0.159 | 0.042 | 0.405 | 0.300 | 0.084 | 0.370 | 0.000 |
| b37ce79bf563844426c7452c38564acc | 0.282 | 0.000 | 0.010 | 0.000 | 0.000 | 0.000 | 0.000 | 0.000 | 1.000 | 0.276 | 0.700 | 0.296 | 0.301 | 0.254 | 0.255 | 0.000 | 0.155 | 0.040 | 0.439 | 0.199 | 0.013 | 0.102 | 0.324 |
| c37bda9a519612b55bb51516f0c3a2bc | 0.000 | 0.000 | 0.024 | 0.002 | 0.000 | 1.000 | 1.000 | 0.000 | 1.000 | 0.276 | 0.600 | 0.296 | 0.234 | 0.234 | 0.255 | 0.000 | 0.154 | 0.080 | 0.405 | 0.000 | 0.013 | 0.000 | 0.000 |
| ecd6fdc5a6653c95afdd64ec9e93c261 | 0.051 | 0.001 | 0.064 | 0.006 | 1.000 | 0.000 | 1.000 | 0.000 | 1.000 | 0.276 | 0.100 | 0.296 | 0.190 | 0.254 | 0.255 | 0.000 | 0.155 | 0.042 | 0.145 | 0.000 | 0.000 | 0.008 | 0.000 |
| dfae946e4721c3470994c90bd5bd393e | 0.016 | 0.008 | 0.033 | 0.004 | 1.000 | 1.000 | 0.000 | 0.000 | 1.000 | 0.276 | 0.500 | 0.296 | 0.234 | 0.234 | 0.255 | 0.006 | 0.157 | 0.000 | 0.101 | 0.182 | 0.000 | 0.000 | 0.064 |
| 2c376f86bcef8ab4b5cc50a2ea09f1d6 | 0.190 | 0.000 | 0.088 | 0.014 | 1.000 | 1.000 | 1.000 | 0.000 | 0.000 | 0.276 | 0.300 | 0.296 | 0.234 | 0.234 | 0.255 | 0.000 | 0.236 | 0.042 | 0.405 | 0.300 | 0.000 | 0.000 | 0.000 |
| d72019635fcb518e1a55d0e483a66720 | 0.008 | 0.017 | 0.024 | 0.019 | 0.000 | 0.000 | 0.000 | 0.000 | 1.000 | 0.238 | 0.100 | 0.148 | 0.190 | 0.254 | 0.255 | 0.004 | 0.155 | 0.200 | 0.724 | 0.142 | 0.052 | 0.912 | 0.864 |
| c4f79c7d792e71fa3e0cb3fef3e45f51 | 0.190 | 0.000 | 0.033 | 0.007 | 1.000 | 1.000 | 1.000 | 1.000 | 0.746 | 0.276 | 0.400 | 0.296 | 0.190 | 0.254 | 0.255 | 0.000 | 0.000 | 0.042 | 0.405 | 0.300 | 0.084 | 0.370 | 0.000 |
| edb0eb6ddc78c447bd8c180647e90f06 | 0.023 | 0.005 | 0.010 | 0.003 | 0.000 | 1.000 | 1.000 | 0.000 | 1.000 | 0.276 | 0.200 | 0.296 | 0.198 | 0.290 | 0.255 | 0.001 | 0.155 | 0.080 | 0.917 | 0.429 | 0.013 | 0.010 | 0.207 |
| 9d2f8c7632943be38e5560f84e6f2b47 | 0.000 | 0.000 | 0.206 | 0.000 | 0.000 | 0.000 | 0.000 | 0.000 | 1.000 | 0.276 | 0.100 | 0.296 | 0.234 | 0.234 | 0.255 | 0.000 | 0.151 | 0.120 | 0.004 | 0.710 | 0.247 | 0.000 | 1.000 |
| 43d5806b72fe96915293e1c46b35c88e | 0.025 | 0.004 | 0.005 | 0.004 | 1.000 | 1.000 | 1.000 | 0.000 | 1.000 | 0.276 | 0.200 | 0.296 | 0.234 | 0.234 | 0.255 | 0.003 | 0.159 | 0.042 | 0.405 | 0.300 | 0.084 | 0.370 | 0.000 |
| 9b2138371fb668f474e83b3fc299a00d | 0.000 | 0.000 | 0.107 | 0.000 | 0.000 | 0.000 | 0.000 | 0.000 | 1.000 | 0.276 | 0.100 | 0.296 | 0.234 | 0.234 | 0.255 | 0.000 | 0.155 | 0.200 | 0.061 | 0.012 | 0.260 | 0.114 | 0.033 |
| e5b0ee8a5519969ec70f5722a90a8019 | 0.000 | 0.000 | 0.024 | 0.001 | 1.000 | 1.000 | 0.000 | 0.000 | 1.000 | 0.276 | 0.800 | 0.296 | 0.234 | 0.234 | 0.255 | 0.000 | 0.155 | 0.042 | 0.035 | 0.710 | 0.000 | 0.000 | 1.000 |
| 6ebc8ee8fd87580ad497e0702cd490f5 | 0.556 | 0.000 | 0.029 | 0.001 | 0.000 | 0.000 | 0.000 | 0.000 | 1.000 | 0.743 | 0.100 | 0.296 | 0.234 | 0.234 | 0.255 | 0.000 | 0.155 | 0.040 | 0.724 | 0.142 | 0.000 | 0.912 | 0.864 |
| 5c52e2433813f16b46264f07fed83783 | 0.324 | 0.000 | 0.001 | 0.000 | 1.000 | 0.000 | 0.000 | 0.000 | 1.000 | 0.276 | 0.800 | 0.296 | 0.198 | 0.290 | 0.255 | 0.000 | 0.155 | 0.042 | 0.061 | 0.001 | 0.000 | 0.114 | 0.081 |
| 719842bc97e0cfa52328422aa8f25a98 | 0.051 | 0.002 | 0.005 | 0.002 | 0.000 | 0.000 | 0.000 | 0.000 | 1.000 | 0.269 | 0.200 | 0.353 | 0.234 | 0.234 | 0.255 | 0.000 | 0.155 | 0.080 | 0.724 | 0.142 | 0.013 | 0.912 | 0.864 |
| 19518b3d8c1b0184fdb2e6f442788602 | 0.190 | 0.000 | 0.048 | 0.007 | 1.000 | 1.000 | 1.000 | 0.000 | 0.000 | 0.276 | 0.300 | 0.296 | 0.234 | 0.234 | 0.255 | 0.000 | 0.234 | 0.042 | 0.405 | 0.300 | 0.000 | 0.000 | 0.000 |
| b27e32917608e20b4f6f29a8b74a8f20 | 0.000 | 0.000 | 0.049 | 0.001 | 1.000 | 0.000 | 0.000 | 0.000 | 0.000 | 0.276 | 0.800 | 0.296 | 0.198 | 0.290 | 0.255 | 0.000 | 0.219 | 0.042 | 0.105 | 0.051 | 0.000 | 0.000 | 0.005 |
| 108154ed39bf509525fde8c1d3cbb339 | 0.190 | 0.000 | 0.136 | 0.020 | 1.000 | 1.000 | 0.000 | 0.000 | 0.000 | 0.269 | 0.100 | 0.353 | 0.190 | 0.254 | 0.255 | 0.000 | 0.219 | 0.042 | 0.405 | 0.695 | 0.000 | 0.000 | 0.174 |
| 2e1371cfcd980e966336f9b8e5c868e4 | 0.379 | 0.000 | 0.002 | 0.000 | 0.000 | 0.000 | 0.000 | 0.000 | 1.000 | 0.276 | 0.500 | 0.296 | 0.660 | 0.254 | 0.255 | 0.000 | 0.155 | 0.240 | 0.724 | 0.142 | 0.039 | 0.912 | 0.864 |
| 801f3c29eef1891298a2d041692dfc39 | 0.000 | 0.000 | 0.081 | 0.002 | 1.000 | 1.000 | 0.000 | 0.000 | 1.000 | 0.276 | 0.100 | 0.296 | 0.198 | 0.290 | 0.255 | 0.000 | 0.155 | 0.042 | 0.405 | 0.710 | 0.000 | 0.000 | 1.000 |
| c8fff83568284351d87a8258d6cb5ca3 | 0.400 | 0.000 | 0.002 | 0.000 | 0.000 | 0.000 | 0.000 | 0.000 | 1.000 | 0.582 | 0.100 | 0.296 | 0.234 | 0.234 | 0.255 | 0.000 | 0.155 | 0.040 | 0.724 | 0.142 | 0.013 | 0.912 | 0.864 |
| b4b718311fd6a0f00a7716a53192b57a | 0.214 | 0.000 | 0.000 | 0.000 | 0.000 | 1.000 | 1.000 | 0.000 | 1.000 | 0.276 | 0.200 | 0.296 | 0.190 | 0.254 | 0.255 | 0.000 | 0.159 | 0.040 | 0.873 | 0.800 | 0.000 | 0.568 | 0.318 |
| fc8278775cf12fdf84e88493f8efc645 | 0.114 | 0.001 | 0.026 | 0.016 | 0.000 | 0.000 | 0.000 | 0.000 | 0.000 | 0.276 | 0.200 | 0.296 | 0.198 | 0.290 | 0.255 | 0.000 | 0.188 | 0.040 | 0.368 | 0.094 | 0.039 | 0.802 | 0.780 |
| a91e0e97c67e7f80d9c0bcc9bda3643e | 0.087 | 0.000 | 0.006 | 0.004 | 0.000 | 0.000 | 1.000 | 0.000 | 1.000 | 0.276 | 0.100 | 0.443 | 0.234 | 0.234 | 0.255 | 0.000 | 0.155 | 0.040 | 0.890 | 0.429 | 0.000 | 0.626 | 0.207 |
| 37e1f7f3dd90d7a64d0668379b09ad2c | 0.000 | 0.000 | 0.067 | 0.003 | 1.000 | 0.000 | 0.000 | 0.000 | 0.000 | 0.276 | 0.800 | 0.296 | 0.198 | 0.290 | 0.255 | 0.000 | 0.219 | 0.042 | 0.105 | 0.051 | 0.000 | 0.000 | 0.005 |
| 6416b391de9d26effded88d916cb6caf | 0.007 | 0.015 | 0.373 | 0.018 | 1.000 | 0.000 | 1.000 | 0.000 | 1.000 | 0.276 | 1.000 | 0.296 | 0.234 | 0.234 | 0.255 | 0.004 | 0.141 | 0.042 | 0.114 | 0.452 | 0.000 | 0.000 | 0.211 |
| 0b2529b903b3aee453daddbc674918bf | 0.190 | 0.000 | 0.022 | 0.000 | 1.000 | 0.000 | 0.000 | 0.000 | 1.000 | 0.276 | 0.200 | 0.296 | 0.300 | 0.254 | 0.255 | 0.000 | 0.155 | 0.042 | 0.013 | 0.006 | 0.000 | 0.003 | 0.010 |
| 7a19984450f44842e662f88351b6b561 | 0.005 | 0.026 | 0.137 | 0.028 | 1.000 | 1.000 | 1.000 | 0.000 | 1.000 | 0.276 | 0.300 | 0.296 | 0.234 | 0.234 | 0.255 | 0.025 | 0.155 | 0.042 | 0.035 | 0.142 | 0.000 | 0.000 | 0.009 |
+----------------------------------+-------+-------+-------+-------+-------+-------+-------+-------+-------+-------+-------+-------+-------+-------+-------+-------+-------+-------+-------+-------+-------+-------+-------+
                                                                                                  false-positives-details
                                                                                                                                                                                                          trainingset
                                                                                                        +----------------------------------+-------+-------+-------+-------+-------+-------+-------+-------+-------+-------+-------+-------+-------+-------+-------+-------+-------+-------+-------+-------+-------+-------+-------+
|                0                 |   1   |   2   |   3   |   4   |   5   |   6   |   7   |   8   |   9   |   10  |   11  |   12  |   13  |   14  |   15  |   16  |   17  |   18  |   19  |   20  |   21  |   22  |   23  |
+----------------------------------+-------+-------+-------+-------+-------+-------+-------+-------+-------+-------+-------+-------+-------+-------+-------+-------+-------+-------+-------+-------+-------+-------+-------+
| 22a77ec1ff8fa8bb567ef9db77666dc2 | 0.000 | 0.000 | 0.025 | 0.000 | 1.000 | 1.000 | 1.000 | 0.000 | 1.000 | 0.276 | 0.200 | 0.296 | 0.198 | 0.290 | 0.255 | 0.000 | 0.155 | 0.042 | 0.405 | 0.034 | 0.000 | 0.000 | 0.007 |
| ae84158d032805d41aaab2a967b37dd7 | 0.209 | 0.000 | 0.000 | 0.000 | 1.000 | 1.000 | 1.000 | 0.000 | 1.000 | 0.484 | 0.400 | 0.563 | 0.360 | 0.254 | 0.255 | 0.000 | 0.156 | 0.080 | 0.009 | 0.003 | 0.026 | 0.001 | 0.001 |
| 637067cfcf6a781a12c6e5f77eb4f5be | 0.619 | 0.000 | 0.031 | 0.001 | 1.000 | 1.000 | 1.000 | 0.000 | 1.000 | 0.382 | 1.000 | 0.296 | 0.610 | 0.290 | 0.255 | 0.000 | 0.155 | 0.042 | 0.206 | 0.052 | 0.000 | 0.014 | 0.014 |
| 2d78fc21636cf23424f37bef10a80671 | 0.000 | 0.000 | 0.009 | 0.000 | 1.000 | 1.000 | 1.000 | 0.000 | 1.000 | 0.582 | 0.100 | 0.433 | 0.070 | 0.254 | 0.255 | 0.000 | 0.155 | 0.042 | 0.405 | 0.034 | 0.000 | 0.000 | 0.007 |
| a774df02a832585275de3db40f132cdd | 0.003 | 0.036 | 0.014 | 0.064 | 1.000 | 1.000 | 0.000 | 0.000 | 1.000 | 0.276 | 1.000 | 0.296 | 0.476 | 0.254 | 0.255 | 0.009 | 0.155 | 0.040 | 0.246 | 0.199 | 0.013 | 0.076 | 0.324 |
| f51d621abeb4c489918d904995bbcec0 | 0.073 | 0.001 | 0.032 | 0.008 | 0.000 | 0.000 | 0.000 | 0.000 | 1.000 | 0.486 | 0.200 | 0.433 | 0.462 | 0.254 | 0.255 | 0.000 | 0.155 | 0.280 | 0.724 | 0.142 | 0.610 | 0.912 | 0.864 |
| b1b77ba8651daa153ee861cee0758b98 | 0.000 | 0.000 | 0.288 | 0.011 | 1.000 | 1.000 | 1.000 | 0.000 | 0.000 | 0.276 | 1.000 | 0.296 | 0.402 | 0.134 | 0.255 | 0.000 | 0.219 | 0.042 | 0.405 | 0.300 | 0.000 | 0.000 | 0.000 |
| ff2dc571d6fdb59dff4f2f29b80a3422 | 0.220 | 0.001 | 0.002 | 0.000 | 0.000 | 0.000 | 1.000 | 0.000 | 1.000 | 0.469 | 0.300 | 0.296 | 0.234 | 0.234 | 0.255 | 0.001 | 0.155 | 0.000 | 0.522 | 0.800 | 0.052 | 0.244 | 0.318 |
| 059600524e5fa4fff9c72854ae7c70dc | 0.000 | 0.000 | 0.010 | 0.002 | 1.000 | 1.000 | 1.000 | 0.000 | 1.000 | 0.393 | 0.400 | 0.280 | 0.198 | 0.290 | 0.255 | 0.000 | 0.181 | 0.042 | 0.724 | 0.610 | 0.000 | 0.076 | 0.176 |
| 136d718bee74eb407355cb64f064867d | 0.000 | 0.000 | 0.034 | 0.003 | 1.000 | 0.000 | 1.000 | 0.000 | 1.000 | 0.691 | 0.900 | 0.809 | 0.723 | 0.254 | 0.255 | 0.000 | 0.155 | 0.042 | 0.145 | 0.000 | 0.000 | 0.008 | 0.000 |
| 2ad8cf91b644339895652db444e2a11a | 0.000 | 0.000 | 0.016 | 0.000 | 1.000 | 1.000 | 0.000 | 0.000 | 1.000 | 0.370 | 0.200 | 0.500 | 0.226 | 0.196 | 0.255 | 0.000 | 0.134 | 0.042 | 0.405 | 0.710 | 0.000 | 0.000 | 1.000 |
| c7d7a72e48cb0f6938045ea6995c2cbb | 0.068 | 0.001 | 0.036 | 0.009 | 0.000 | 0.000 | 1.000 | 0.000 | 1.000 | 0.000 | 0.500 | 0.889 | 0.234 | 0.234 | 0.255 | 0.000 | 0.155 | 0.000 | 0.522 | 0.800 | 0.091 | 0.244 | 0.318 |
| 183204cd9677736222e5d785c799a148 | 0.000 | 0.000 | 0.008 | 0.000 | 1.000 | 1.000 | 0.000 | 0.000 | 1.000 | 0.467 | 0.600 | 0.260 | 0.060 | 0.061 | 0.255 | 0.000 | 0.151 | 0.042 | 0.405 | 0.710 | 0.000 | 0.000 | 1.000 |
| 590ce47a42bf67aa1295d02e85b1a7b5 | 0.021 | 0.005 | 0.002 | 0.006 | 0.000 | 1.000 | 1.000 | 0.000 | 1.000 | 0.724 | 0.800 | 0.408 | 0.402 | 0.290 | 0.255 | 0.005 | 0.120 | 0.040 | 0.548 | 0.164 | 0.065 | 0.002 | 0.012 |
| d5763c8901ef9e76bbef5e673145b300 | 0.013 | 0.007 | 0.016 | 0.008 | 1.000 | 1.000 | 1.000 | 0.000 | 1.000 | 0.723 | 0.700 | 0.866 | 0.769 | 0.254 | 0.255 | 0.006 | 0.115 | 0.042 | 0.917 | 0.429 | 0.000 | 0.010 | 0.207 |
| b3d296c6aa5c9a11c44f5857fc1bd709 | 0.129 | 0.000 | 0.030 | 0.008 | 1.000 | 0.000 | 0.000 | 0.000 | 0.000 | 0.335 | 0.100 | 0.779 | 0.032 | 0.254 | 0.255 | 0.000 | 0.267 | 0.042 | 0.000 | 0.710 | 0.000 | 0.018 | 1.000 |
| 43d566f90c24f874781d97905870ed23 | 0.023 | 0.005 | 0.002 | 0.006 | 0.000 | 0.000 | 1.000 | 0.000 | 1.000 | 0.334 | 0.800 | 0.363 | 0.206 | 0.290 | 0.255 | 0.001 | 0.155 | 0.000 | 0.890 | 0.800 | 0.026 | 0.626 | 0.318 |
| 170754478dc23a930d22722b43dbf181 | 0.005 | 0.025 | 0.049 | 0.027 | 1.000 | 1.000 | 1.000 | 0.000 | 1.000 | 0.326 | 0.200 | 0.520 | 0.234 | 0.234 | 0.255 | 0.007 | 0.155 | 0.042 | 0.728 | 0.429 | 0.000 | 0.009 | 0.207 |
| ea6c27a337aff6c262e8316984ff72e5 | 0.000 | 0.000 | 0.038 | 0.000 | 1.000 | 1.000 | 1.000 | 0.000 | 1.000 | 0.250 | 0.300 | 0.194 | 0.689 | 0.254 | 0.255 | 0.000 | 0.155 | 0.042 | 0.158 | 0.164 | 0.000 | 0.004 | 0.012 |
| 865f5c32883ed7b9a85cdd80fd9d6296 | 0.000 | 0.000 | 0.016 | 0.000 | 1.000 | 1.000 | 0.000 | 0.000 | 1.000 | 0.290 | 0.600 | 0.380 | 0.198 | 0.290 | 0.295 | 0.000 | 0.159 | 0.042 | 0.405 | 0.710 | 0.000 | 0.000 | 1.000 |
| d24fd068e9ceba00b3dfd61601b23246 | 0.003 | 0.036 | 0.030 | 0.059 | 0.000 | 0.000 | 0.000 | 0.000 | 1.000 | 0.358 | 0.600 | 0.350 | 0.516 | 0.254 | 0.247 | 0.010 | 0.155 | 0.080 | 0.061 | 0.006 | 0.091 | 0.114 | 0.041 |
| 4468eb0caf3bdfbacfdc964b034531aa | 0.000 | 0.000 | 0.038 | 0.013 | 1.000 | 1.000 | 1.000 | 0.000 | 1.000 | 0.276 | 1.000 | 0.296 | 0.824 | 0.254 | 0.255 | 0.000 | 0.153 | 0.042 | 0.405 | 0.300 | 0.084 | 0.370 | 0.000 |
| 869cb02c0588b867e2aa3391cf939657 | 0.047 | 0.003 | 0.022 | 0.003 | 1.000 | 1.000 | 1.000 | 0.000 | 1.000 | 0.276 | 0.100 | 0.296 | 0.190 | 0.254 | 0.255 | 0.001 | 0.155 | 0.042 | 0.158 | 0.375 | 0.000 | 0.029 | 0.120 |
| 96a92f3bcb002f22a698a62a468415e3 | 0.000 | 0.000 | 0.012 | 0.006 | 1.000 | 1.000 | 1.000 | 1.000 | 0.746 | 0.056 | 0.400 | 0.246 | 0.982 | 0.653 | 0.255 | 0.000 | 0.000 | 0.042 | 0.405 | 0.300 | 0.084 | 0.370 | 0.000 |
| 05980c335755731f676e1be11e9599ac | 0.000 | 0.000 | 0.000 | 0.000 | 1.000 | 0.000 | 1.000 | 0.000 | 0.000 | 0.631 | 1.000 | 0.669 | 0.190 | 0.254 | 0.255 | 0.000 | 0.130 | 0.042 | 0.684 | 0.429 | 0.000 | 0.215 | 0.207 |
| 1e55333f8d65f339beccb7a64c5be4ff | 0.069 | 0.001 | 0.005 | 0.012 | 0.000 | 1.000 | 0.000 | 0.000 | 1.000 | 0.487 | 0.300 | 0.589 | 0.234 | 0.234 | 0.255 | 0.000 | 0.155 | 0.000 | 0.246 | 0.199 | 0.026 | 0.076 | 0.324 |
| 6fd95ead686ac1a37a103818fdb21103 | 0.000 | 0.000 | 0.002 | 0.001 | 1.000 | 0.000 | 1.000 | 0.000 | 1.000 | 0.295 | 1.000 | 0.669 | 0.198 | 0.290 | 0.255 | 0.000 | 0.097 | 0.042 | 0.684 | 0.429 | 0.000 | 0.215 | 0.207 |
| 9c70eaa380eb60135c5f1953b1f073cf | 0.532 | 0.000 | 0.011 | 0.000 | 1.000 | 1.000 | 1.000 | 0.000 | 0.000 | 0.457 | 0.200 | 0.419 | 0.234 | 0.234 | 0.255 | 0.000 | 0.227 | 0.042 | 0.917 | 0.429 | 0.000 | 0.010 | 0.207 |
| c92b478470f9147ea02229ac7de22adc | 0.000 | 0.000 | 0.310 | 0.015 | 1.000 | 1.000 | 1.000 | 0.000 | 0.000 | 0.276 | 0.600 | 0.296 | 0.198 | 0.290 | 0.255 | 0.000 | 0.219 | 0.042 | 0.405 | 0.300 | 0.000 | 0.000 | 0.000 |
| c9a919cf4d4b84c8a79f5e7b39d31729 | 0.108 | 0.001 | 0.001 | 0.005 | 1.000 | 1.000 | 0.000 | 0.000 | 1.000 | 0.897 | 0.100 | 0.866 | 0.190 | 0.254 | 0.255 | 0.000 | 0.155 | 0.200 | 0.246 | 0.199 | 0.338 | 0.076 | 0.324 |
| 1cfff0d13b46f3b0796663bfeaabec0f | 0.000 | 0.000 | 0.033 | 0.007 | 1.000 | 1.000 | 1.000 | 0.000 | 0.746 | 0.223 | 0.100 | 0.417 | 0.234 | 0.234 | 0.255 | 0.000 | 0.000 | 0.042 | 0.405 | 0.300 | 0.084 | 0.370 | 0.462 |
| 4af0c6020d07663825f905c783828379 | 0.000 | 0.000 | 0.024 | 0.000 | 1.000 | 1.000 | 1.000 | 0.000 | 1.000 | 0.276 | 0.100 | 0.296 | 0.190 | 0.254 | 0.255 | 0.000 | 0.153 | 0.042 | 0.405 | 0.300 | 0.084 | 0.370 | 0.000 |
| cebd3b4c2ee6c751a3e39a2f487d62c5 | 0.190 | 0.000 | 0.033 | 0.007 | 1.000 | 1.000 | 1.000 | 1.000 | 0.746 | 0.480 | 0.800 | 0.350 | 0.195 | 0.254 | 0.255 | 0.000 | 0.000 | 0.042 | 0.405 | 0.300 | 0.084 | 0.370 | 0.000 |
| dac4c947ec074d40085158bcf81008d7 | 0.000 | 0.000 | 0.031 | 0.000 | 1.000 | 1.000 | 1.000 | 0.000 | 1.000 | 0.377 | 0.600 | 0.296 | 0.301 | 0.254 | 0.255 | 0.000 | 0.121 | 0.042 | 0.405 | 0.300 | 0.000 | 0.000 | 0.000 |
| ca77e08e2c425e31d9adaee714a3eecf | 0.231 | 0.000 | 0.001 | 0.000 | 1.000 | 0.000 | 0.000 | 0.000 | 0.000 | 0.487 | 0.100 | 0.589 | 0.106 | 0.290 | 0.255 | 0.000 | 0.621 | 0.042 | 0.114 | 0.019 | 0.000 | 0.031 | 0.009 |
+----------------------------------+-------+-------+-------+-------+-------+-------+-------+-------+-------+-------+-------+-------+-------+-------+-------+-------+-------+-------+-------+-------+-------+-------+-------+
                                                                                                        testingset
                                                                                                         +----------------------------------+-------+-------+-------+-------+-------+-------+-------+-------+-------+-------+-------+-------+-------+-------+-------+-------+-------+-------+-------+-------+-------+-------+-------+
|                0                 |   1   |   2   |   3   |   4   |   5   |   6   |   7   |   8   |   9   |   10  |   11  |   12  |   13  |   14  |   15  |   16  |   17  |   18  |   19  |   20  |   21  |   22  |   23  |
+----------------------------------+-------+-------+-------+-------+-------+-------+-------+-------+-------+-------+-------+-------+-------+-------+-------+-------+-------+-------+-------+-------+-------+-------+-------+
| 22a77ec1ff8fa8bb567ef9db77666dc2 | 0.000 | 0.000 | 0.025 | 0.000 | 1.000 | 1.000 | 1.000 | 0.000 | 1.000 | 0.276 | 0.200 | 0.296 | 0.198 | 0.290 | 0.255 | 0.000 | 0.155 | 0.042 | 0.405 | 0.034 | 0.000 | 0.000 | 0.007 |
| ae84158d032805d41aaab2a967b37dd7 | 0.209 | 0.000 | 0.000 | 0.000 | 1.000 | 1.000 | 1.000 | 0.000 | 1.000 | 0.484 | 0.400 | 0.563 | 0.360 | 0.254 | 0.255 | 0.000 | 0.156 | 0.080 | 0.009 | 0.003 | 0.026 | 0.001 | 0.001 |
| 2d78fc21636cf23424f37bef10a80671 | 0.000 | 0.000 | 0.009 | 0.000 | 1.000 | 1.000 | 1.000 | 0.000 | 1.000 | 0.582 | 0.100 | 0.433 | 0.070 | 0.254 | 0.255 | 0.000 | 0.155 | 0.042 | 0.405 | 0.034 | 0.000 | 0.000 | 0.007 |
| 637067cfcf6a781a12c6e5f77eb4f5be | 0.619 | 0.000 | 0.031 | 0.001 | 1.000 | 1.000 | 1.000 | 0.000 | 1.000 | 0.382 | 1.000 | 0.296 | 0.610 | 0.290 | 0.255 | 0.000 | 0.155 | 0.042 | 0.206 | 0.052 | 0.000 | 0.014 | 0.014 |
| a774df02a832585275de3db40f132cdd | 0.003 | 0.036 | 0.014 | 0.064 | 1.000 | 1.000 | 0.000 | 0.000 | 1.000 | 0.276 | 1.000 | 0.296 | 0.476 | 0.254 | 0.255 | 0.009 | 0.155 | 0.040 | 0.246 | 0.199 | 0.013 | 0.076 | 0.324 |
| f51d621abeb4c489918d904995bbcec0 | 0.073 | 0.001 | 0.032 | 0.008 | 0.000 | 0.000 | 0.000 | 0.000 | 1.000 | 0.486 | 0.200 | 0.433 | 0.462 | 0.254 | 0.255 | 0.000 | 0.155 | 0.280 | 0.724 | 0.142 | 0.610 | 0.912 | 0.864 |
| b1b77ba8651daa153ee861cee0758b98 | 0.000 | 0.000 | 0.288 | 0.011 | 1.000 | 1.000 | 1.000 | 0.000 | 0.000 | 0.276 | 1.000 | 0.296 | 0.402 | 0.134 | 0.255 | 0.000 | 0.219 | 0.042 | 0.405 | 0.300 | 0.000 | 0.000 | 0.000 |
| ff2dc571d6fdb59dff4f2f29b80a3422 | 0.220 | 0.001 | 0.002 | 0.000 | 0.000 | 0.000 | 1.000 | 0.000 | 1.000 | 0.469 | 0.300 | 0.296 | 0.234 | 0.234 | 0.255 | 0.001 | 0.155 | 0.000 | 0.522 | 0.800 | 0.052 | 0.244 | 0.318 |
| 059600524e5fa4fff9c72854ae7c70dc | 0.000 | 0.000 | 0.010 | 0.002 | 1.000 | 1.000 | 1.000 | 0.000 | 1.000 | 0.393 | 0.400 | 0.280 | 0.198 | 0.290 | 0.255 | 0.000 | 0.181 | 0.042 | 0.724 | 0.610 | 0.000 | 0.076 | 0.176 |
| d9eebb93c161bb0131245f80e8ccc0b3 | 0.000 | 0.000 | 0.016 | 0.003 | 1.000 | 1.000 | 1.000 | 0.000 | 0.000 | 0.514 | 0.600 | 0.030 | 0.234 | 0.234 | 0.054 | 0.000 | 0.219 | 0.042 | 0.405 | 0.003 | 0.000 | 0.000 | 0.001 |
| 136d718bee74eb407355cb64f064867d | 0.000 | 0.000 | 0.034 | 0.003 | 1.000 | 0.000 | 1.000 | 0.000 | 1.000 | 0.691 | 0.900 | 0.809 | 0.723 | 0.254 | 0.255 | 0.000 | 0.155 | 0.042 | 0.145 | 0.000 | 0.000 | 0.008 | 0.000 |
| d5763c8901ef9e76bbef5e673145b300 | 0.013 | 0.007 | 0.016 | 0.008 | 1.000 | 1.000 | 1.000 | 0.000 | 1.000 | 0.723 | 0.700 | 0.866 | 0.769 | 0.254 | 0.255 | 0.006 | 0.115 | 0.042 | 0.917 | 0.429 | 0.000 | 0.010 | 0.207 |
| c7d7a72e48cb0f6938045ea6995c2cbb | 0.068 | 0.001 | 0.036 | 0.009 | 0.000 | 0.000 | 1.000 | 0.000 | 1.000 | 0.000 | 0.500 | 0.889 | 0.234 | 0.234 | 0.255 | 0.000 | 0.155 | 0.000 | 0.522 | 0.800 | 0.091 | 0.244 | 0.318 |
| 2ad8cf91b644339895652db444e2a11a | 0.000 | 0.000 | 0.016 | 0.000 | 1.000 | 1.000 | 0.000 | 0.000 | 1.000 | 0.370 | 0.200 | 0.500 | 0.226 | 0.196 | 0.255 | 0.000 | 0.134 | 0.042 | 0.405 | 0.710 | 0.000 | 0.000 | 1.000 |
| 590ce47a42bf67aa1295d02e85b1a7b5 | 0.021 | 0.005 | 0.002 | 0.006 | 0.000 | 1.000 | 1.000 | 0.000 | 1.000 | 0.724 | 0.800 | 0.408 | 0.402 | 0.290 | 0.255 | 0.005 | 0.120 | 0.040 | 0.548 | 0.164 | 0.065 | 0.002 | 0.012 |
| 183204cd9677736222e5d785c799a148 | 0.000 | 0.000 | 0.008 | 0.000 | 1.000 | 1.000 | 0.000 | 0.000 | 1.000 | 0.467 | 0.600 | 0.260 | 0.060 | 0.061 | 0.255 | 0.000 | 0.151 | 0.042 | 0.405 | 0.710 | 0.000 | 0.000 | 1.000 |
| b3d296c6aa5c9a11c44f5857fc1bd709 | 0.129 | 0.000 | 0.030 | 0.008 | 1.000 | 0.000 | 0.000 | 0.000 | 0.000 | 0.335 | 0.100 | 0.779 | 0.032 | 0.254 | 0.255 | 0.000 | 0.267 | 0.042 | 0.000 | 0.710 | 0.000 | 0.018 | 1.000 |
| 43d566f90c24f874781d97905870ed23 | 0.023 | 0.005 | 0.002 | 0.006 | 0.000 | 0.000 | 1.000 | 0.000 | 1.000 | 0.334 | 0.800 | 0.363 | 0.206 | 0.290 | 0.255 | 0.001 | 0.155 | 0.000 | 0.890 | 0.800 | 0.026 | 0.626 | 0.318 |
| 170754478dc23a930d22722b43dbf181 | 0.005 | 0.025 | 0.049 | 0.027 | 1.000 | 1.000 | 1.000 | 0.000 | 1.000 | 0.326 | 0.200 | 0.520 | 0.234 | 0.234 | 0.255 | 0.007 | 0.155 | 0.042 | 0.728 | 0.429 | 0.000 | 0.009 | 0.207 |
| ea6c27a337aff6c262e8316984ff72e5 | 0.000 | 0.000 | 0.038 | 0.000 | 1.000 | 1.000 | 1.000 | 0.000 | 1.000 | 0.250 | 0.300 | 0.194 | 0.689 | 0.254 | 0.255 | 0.000 | 0.155 | 0.042 | 0.158 | 0.164 | 0.000 | 0.004 | 0.012 |
| d24fd068e9ceba00b3dfd61601b23246 | 0.003 | 0.036 | 0.030 | 0.059 | 0.000 | 0.000 | 0.000 | 0.000 | 1.000 | 0.358 | 0.600 | 0.350 | 0.516 | 0.254 | 0.247 | 0.010 | 0.155 | 0.080 | 0.061 | 0.006 | 0.091 | 0.114 | 0.041 |
| 865f5c32883ed7b9a85cdd80fd9d6296 | 0.000 | 0.000 | 0.016 | 0.000 | 1.000 | 1.000 | 0.000 | 0.000 | 1.000 | 0.290 | 0.600 | 0.380 | 0.198 | 0.290 | 0.295 | 0.000 | 0.159 | 0.042 | 0.405 | 0.710 | 0.000 | 0.000 | 1.000 |
| 4468eb0caf3bdfbacfdc964b034531aa | 0.000 | 0.000 | 0.038 | 0.013 | 1.000 | 1.000 | 1.000 | 0.000 | 1.000 | 0.276 | 1.000 | 0.296 | 0.824 | 0.254 | 0.255 | 0.000 | 0.153 | 0.042 | 0.405 | 0.300 | 0.084 | 0.370 | 0.000 |
| 96a92f3bcb002f22a698a62a468415e3 | 0.000 | 0.000 | 0.012 | 0.006 | 1.000 | 1.000 | 1.000 | 1.000 | 0.746 | 0.056 | 0.400 | 0.246 | 0.982 | 0.653 | 0.255 | 0.000 | 0.000 | 0.042 | 0.405 | 0.300 | 0.084 | 0.370 | 0.000 |
| 05980c335755731f676e1be11e9599ac | 0.000 | 0.000 | 0.000 | 0.000 | 1.000 | 0.000 | 1.000 | 0.000 | 0.000 | 0.631 | 1.000 | 0.669 | 0.190 | 0.254 | 0.255 | 0.000 | 0.130 | 0.042 | 0.684 | 0.429 | 0.000 | 0.215 | 0.207 |
| 1e55333f8d65f339beccb7a64c5be4ff | 0.069 | 0.001 | 0.005 | 0.012 | 0.000 | 1.000 | 0.000 | 0.000 | 1.000 | 0.487 | 0.300 | 0.589 | 0.234 | 0.234 | 0.255 | 0.000 | 0.155 | 0.000 | 0.246 | 0.199 | 0.026 | 0.076 | 0.324 |
| 6fd95ead686ac1a37a103818fdb21103 | 0.000 | 0.000 | 0.002 | 0.001 | 1.000 | 0.000 | 1.000 | 0.000 | 1.000 | 0.295 | 1.000 | 0.669 | 0.198 | 0.290 | 0.255 | 0.000 | 0.097 | 0.042 | 0.684 | 0.429 | 0.000 | 0.215 | 0.207 |
| 9c70eaa380eb60135c5f1953b1f073cf | 0.532 | 0.000 | 0.011 | 0.000 | 1.000 | 1.000 | 1.000 | 0.000 | 0.000 | 0.457 | 0.200 | 0.419 | 0.234 | 0.234 | 0.255 | 0.000 | 0.227 | 0.042 | 0.917 | 0.429 | 0.000 | 0.010 | 0.207 |
| c92b478470f9147ea02229ac7de22adc | 0.000 | 0.000 | 0.310 | 0.015 | 1.000 | 1.000 | 1.000 | 0.000 | 0.000 | 0.276 | 0.600 | 0.296 | 0.198 | 0.290 | 0.255 | 0.000 | 0.219 | 0.042 | 0.405 | 0.300 | 0.000 | 0.000 | 0.000 |
| c9a919cf4d4b84c8a79f5e7b39d31729 | 0.108 | 0.001 | 0.001 | 0.005 | 1.000 | 1.000 | 0.000 | 0.000 | 1.000 | 0.897 | 0.100 | 0.866 | 0.190 | 0.254 | 0.255 | 0.000 | 0.155 | 0.200 | 0.246 | 0.199 | 0.338 | 0.076 | 0.324 |
| 1cfff0d13b46f3b0796663bfeaabec0f | 0.000 | 0.000 | 0.033 | 0.007 | 1.000 | 1.000 | 1.000 | 0.000 | 0.746 | 0.223 | 0.100 | 0.417 | 0.234 | 0.234 | 0.255 | 0.000 | 0.000 | 0.042 | 0.405 | 0.300 | 0.084 | 0.370 | 0.462 |
| 4579ee8c77206cdf8a8c4000bcc74adf | 0.928 | 0.000 | 0.012 | 0.000 | 1.000 | 1.000 | 1.000 | 0.000 | 1.000 | 0.276 | 0.400 | 0.296 | 0.504 | 0.254 | 0.255 | 0.000 | 0.159 | 0.042 | 0.405 | 0.034 | 0.000 | 0.000 | 0.007 |
| cebd3b4c2ee6c751a3e39a2f487d62c5 | 0.190 | 0.000 | 0.033 | 0.007 | 1.000 | 1.000 | 1.000 | 1.000 | 0.746 | 0.480 | 0.800 | 0.350 | 0.195 | 0.254 | 0.255 | 0.000 | 0.000 | 0.042 | 0.405 | 0.300 | 0.084 | 0.370 | 0.000 |
| dac4c947ec074d40085158bcf81008d7 | 0.000 | 0.000 | 0.031 | 0.000 | 1.000 | 1.000 | 1.000 | 0.000 | 1.000 | 0.377 | 0.600 | 0.296 | 0.301 | 0.254 | 0.255 | 0.000 | 0.121 | 0.042 | 0.405 | 0.300 | 0.000 | 0.000 | 0.000 |
+----------------------------------+-------+-------+-------+-------+-------+-------+-------+-------+-------+-------+-------+-------+-------+-------+-------+-------+-------+-------+-------+-------+-------+-------+-------+